0 5
0 7
0 9
0 27
0 30
0 61
0 67
0 71
0 75
0 82
0 83
0 141
0 145
0 180
0 193
0 197
0 285
0 300
0 1013
0 1241
1 5
1 6
1 8
1 9
1 10
1 15
1 18
1 19
1 21
1 23
1 29
1 31
1 34
1 38
1 43
1 45
1 49
1 50
1 54
1 57
1 60
1 72
1 73
1 85
1 94
1 97
1 98
1 129
1 130
1 135
1 148
1 153
1 173
1 177
1 178
1 181
1 191
1 199
1 201
1 207
1 216
1 223
1 231
1 241
1 271
1 285
1 837
2 5
2 6
2 12
2 17
2 19
2 25
2 30
2 81
2 98
2 102
2 193
2 201
2 252
2 732
3 5
3 6
3 7
3 8
3 11
3 12
3 16
3 20
3 34
3 35
3 47
3 61
3 65
3 66
3 67
3 72
3 82
3 90
3 140
3 142
3 164
3 172
3 176
3 179
3 205
3 246
3 253
3 259
3 267
3 274
3 305
4 5
4 6
4 7
4 9
4 13
4 15
4 17
4 18
4 21
4 23
4 31
4 37
4 46
4 53
4 59
4 73
4 75
4 80
4 83
4 85
4 86
4 88
4 94
4 105
4 107
4 139
4 141
4 150
4 166
4 172
4 176
4 217
4 230
4 247
4 252
4 278
4 292
5 0
5 1
5 2
5 3
5 4
5 6
5 7
5 8
5 10
5 11
5 13
5 16
5 19
5 20
5 24
5 25
5 28
5 29
5 30
5 31
5 32
5 34
5 38
5 41
5 45
5 47
5 48
5 51
5 52
5 53
5 66
5 67
5 72
5 77
5 91
5 93
5 104
5 108
5 110
5 111
5 119
5 120
5 124
5 126
5 132
5 136
5 144
5 146
5 157
5 166
5 174
5 197
5 204
5 205
5 241
5 249
5 255
5 264
5 268
5 279
5 280
5 282
5 286
5 287
6 1
6 2
6 3
6 4
6 5
6 7
6 8
6 9
6 10
6 13
6 14
6 20
6 22
6 24
6 31
6 39
6 42
6 44
6 45
6 46
6 49
6 51
6 58
6 68
6 80
6 100
6 101
6 111
6 121
6 195
6 196
6 221
6 227
6 237
6 244
6 257
6 271
6 297
6 310
7 0
7 3
7 4
7 5
7 6
7 8
7 9
7 10
7 11
7 12
7 16
7 17
7 18
7 24
7 37
7 40
7 51
7 67
7 71
7 84
7 126
7 129
7 147
7 154
7 157
7 158
7 176
7 179
7 204
7 216
7 223
7 230
7 234
7 244
7 248
7 260
7 274
7 276
7 393
7 876
8 1
8 3
8 5
8 6
8 7
8 11
8 12
8 13
8 14
8 15
8 16
8 26
8 31
8 33
8 41
8 45
8 49
8 53
8 63
8 71
8 77
8 78
8 93
8 95
8 99
8 101
8 104
8 114
8 121
8 124
8 142
8 163
8 169
8 180
8 194
8 204
8 206
8 214
8 225
8 235
8 256
8 295
8 297
8 298
9 0
9 1
9 4
9 6
9 7
9 10
9 11
9 13
9 14
9 15
9 17
9 21
9 25
9 28
9 29
9 30
9 32
9 35
9 42
9 44
9 56
9 65
9 69
9 70
9 73
9 78
9 81
9 85
9 86
9 95
9 100
9 106
9 107
9 110
9 111
9 126
9 129
9 131
9 143
9 151
9 163
9 164
9 178
9 186
9 190
9 196
9 210
9 215
9 238
9 242
9 256
9 270
9 315
10 1
10 5
10 6
10 7
10 9
10 12
10 20
10 21
10 28
10 29
10 33
10 35
10 37
10 39
10 40
10 47
10 50
10 61
10 64
10 65
10 70
10 72
10 79
10 83
10 89
10 97
10 127
10 148
10 161
10 166
10 167
10 168
10 181
10 215
10 240
10 245
10 248
10 264
10 268
10 276
10 283
10 297
10 701
10 1108
11 3
11 5
11 7
11 8
11 9
11 22
11 46
11 55
11 57
11 60
11 68
11 73
11 95
11 96
11 115
11 116
11 122
11 148
11 151
11 154
11 197
11 199
11 281
11 1266
12 2
12 3
12 7
12 8
12 10
12 14
12 15
12 19
12 24
12 25
12 32
12 39
12 49
12 62
12 66
12 77
12 81
12 84
12 87
12 94
12 164
12 190
12 196
12 226
12 236
12 244
12 265
12 277
12 283
12 299
12 320
13 4
13 5
13 6
13 8
13 9
13 14
13 17
13 18
13 22
13 26
13 27
13 33
13 34
13 38
13 42
13 48
13 50
13 57
13 64
13 82
13 91
13 126
13 132
13 158
13 159
13 168
13 170
13 172
13 179
13 180
13 188
13 197
13 203
13 224
13 226
13 233
13 239
13 252
13 265
13 267
13 268
13 274
13 282
13 289
13 291
13 297
13 299
13 1355
14 6
14 8
14 9
14 12
14 13
14 16
14 18
14 23
14 36
14 38
14 41
14 51
14 74
14 81
14 94
14 101
14 109
14 192
14 225
14 247
15 1
15 4
15 8
15 9
15 12
15 24
15 26
15 27
15 37
15 43
15 44
15 50
15 55
15 56
15 60
15 69
15 71
15 76
15 89
15 92
15 105
15 112
15 113
15 114
15 118
15 140
15 141
15 163
15 167
15 183
15 194
15 200
15 224
15 245
15 253
15 262
15 266
15 325
16 3
16 5
16 7
16 8
16 14
16 22
16 28
16 38
16 55
16 58
16 59
16 62
16 64
16 66
16 68
16 75
16 80
16 82
16 107
16 142
16 152
16 177
16 185
16 201
16 205
16 220
16 232
16 239
16 267
16 295
17 2
17 4
17 7
17 9
17 13
17 19
17 20
17 26
17 32
17 37
17 46
17 53
17 62
17 63
17 74
17 80
17 89
17 90
17 102
17 105
17 149
17 223
17 234
17 278
17 281
17 298
18 1
18 4
18 7
18 13
18 14
18 21
18 27
18 32
18 34
18 35
18 42
18 43
18 55
18 58
18 60
18 76
18 84
18 88
18 97
18 122
18 128
18 137
18 143
18 145
18 157
18 161
18 185
18 189
18 191
18 229
18 244
18 284
18 330
19 1
19 2
19 5
19 12
19 17
19 22
19 25
19 30
19 33
19 35
19 65
19 91
19 103
19 109
19 111
19 156
19 159
19 163
19 192
19 235
19 269
19 292
20 3
20 5
20 6
20 10
20 17
20 23
20 27
20 28
20 36
20 44
20 45
20 86
20 88
20 116
20 135
20 139
20 140
20 142
20 154
20 162
20 175
20 194
20 293
21 1
21 4
21 9
21 10
21 18
21 23
21 52
21 54
21 68
21 115
21 237
21 270
21 275
21 335
22 6
22 11
22 13
22 16
22 19
22 33
22 36
22 49
22 88
22 89
22 99
22 103
22 108
22 115
22 173
22 189
22 200
22 212
22 228
22 244
22 273
23 1
23 4
23 14
23 20
23 21
23 76
23 113
23 114
23 181
23 194
23 200
24 5
24 6
24 7
24 12
24 15
24 36
24 51
24 52
24 98
24 167
24 192
24 217
24 250
24 263
24 273
24 275
24 340
24 866
24 959
25 2
25 5
25 9
25 12
25 19
25 26
25 29
25 53
25 107
25 115
25 118
25 127
25 208
25 220
25 221
25 247
25 267
25 277
26 8
26 13
26 15
26 17
26 25
26 36
26 40
26 43
26 55
26 58
26 76
26 79
26 122
26 162
26 202
26 279
26 1102
27 0
27 13
27 15
27 18
27 20
27 39
27 63
27 83
27 116
27 122
27 132
27 155
27 172
27 217
27 226
27 238
27 345
28 5
28 9
28 10
28 16
28 20
28 47
28 104
28 160
28 203
28 260
28 265
28 289
29 1
29 5
29 9
29 10
29 25
29 67
29 68
29 83
29 124
29 125
29 130
29 160
29 173
29 175
29 186
29 221
29 266
29 273
29 279
30 0
30 2
30 5
30 9
30 19
30 39
30 52
30 70
30 74
30 95
30 97
30 106
30 117
30 123
30 169
30 173
30 196
30 294
30 350
31 1
31 4
31 5
31 6
31 8
31 41
31 76
31 102
31 140
31 178
31 182
31 202
31 208
31 212
31 226
31 234
31 256
32 5
32 9
32 12
32 17
32 18
32 40
32 127
33 8
33 10
33 13
33 19
33 22
33 46
33 54
33 77
33 103
33 108
33 122
33 128
33 131
33 134
33 212
33 233
33 355
33 703
33 1348
34 1
34 3
34 5
34 13
34 18
34 59
34 85
34 176
34 213
34 223
34 226
35 3
35 9
35 10
35 18
35 19
35 94
35 192
36 14
36 20
36 22
36 24
36 26
36 48
36 112
36 139
36 148
36 222
36 276
36 360
37 4
37 7
37 10
37 15
37 17
37 60
37 71
37 72
37 89
37 92
37 98
37 100
37 109
37 148
37 155
37 174
37 202
37 217
37 233
37 235
38 1
38 5
38 13
38 14
38 16
38 43
38 80
38 87
38 111
38 114
38 117
38 145
38 156
38 160
38 170
38 188
38 225
38 242
38 280
38 288
38 297
39 6
39 10
39 12
39 27
39 30
39 40
39 42
39 50
39 56
39 57
39 59
39 62
39 79
39 88
39 99
39 134
39 143
39 150
39 152
39 158
39 161
39 169
39 184
39 231
39 239
39 272
39 365
39 955
40 7
40 10
40 26
40 32
40 39
40 41
40 112
40 186
40 209
40 250
40 288
40 1299
41 5
41 8
41 14
41 31
41 40
41 77
41 86
41 188
41 237
41 247
41 251
41 273
41 289
41 1345
42 6
42 9
42 13
42 18
42 39
42 44
42 59
42 276
42 298
42 370
43 1
43 15
43 18
43 26
43 38
43 61
43 62
43 63
43 69
43 70
43 108
43 120
43 125
43 156
43 181
43 182
43 202
43 238
43 274
43 293
43 1249
43 1328
44 6
44 9
44 15
44 20
44 42
44 48
44 79
44 211
45 1
45 5
45 6
45 8
45 20
45 73
45 98
45 103
45 133
45 189
45 198
45 222
45 246
45 253
45 281
45 288
45 375
45 1207
46 4
46 6
46 11
46 17
46 33
46 47
46 48
46 54
46 61
46 66
46 84
46 110
46 114
46 118
46 121
46 125
46 132
46 137
46 146
46 160
46 193
46 225
46 298
47 3
47 5
47 10
47 28
47 46
47 56
47 87
47 100
47 112
47 123
47 125
47 147
47 199
47 1252
47 1339
48 5
48 13
48 36
48 44
48 46
48 54
48 116
48 172
48 177
48 180
48 183
48 222
48 380
49 1
49 6
49 8
49 12
49 22
49 52
49 69
49 97
49 106
49 109
49 113
49 147
49 168
49 206
49 210
49 243
49 262
50 1
50 10
50 13
50 15
50 39
50 78
50 96
50 153
50 165
50 250
50 260
50 280
50 299
51 5
51 6
51 7
51 14
51 24
51 65
51 74
51 162
51 206
51 385
52 5
52 21
52 24
52 30
52 49
52 56
52 151
52 168
52 171
52 173
52 239
52 252
52 269
53 4
53 5
53 8
53 17
53 25
53 70
53 147
53 249
54 1
54 21
54 33
54 46
54 48
54 57
54 99
54 104
54 105
54 121
54 185
54 214
54 257
54 274
54 390
54 1274
55 11
55 15
55 16
55 18
55 26
55 86
55 87
55 107
55 119
55 138
55 155
55 182
55 227
55 251
55 253
55 744
55 1240
56 9
56 15
56 39
56 47
56 52
56 58
56 121
56 192
56 203
56 212
56 259
56 281
56 288
57 1
57 11
57 13
57 39
57 54
57 90
57 153
57 171
57 395
57 912
57 1055
58 6
58 16
58 18
58 26
58 56
58 158
58 234
59 4
59 16
59 34
59 39
59 42
59 64
59 101
59 115
59 130
59 184
59 191
59 221
59 262
59 285
59 290
59 296
60 1
60 11
60 15
60 18
60 37
60 69
60 75
60 81
60 91
60 93
60 118
60 123
60 240
60 269
60 400
61 0
61 3
61 10
61 43
61 46
61 93
61 119
61 133
61 155
61 209
61 278
62 12
62 16
62 17
62 39
62 43
62 63
62 64
62 100
62 103
62 295
63 8
63 17
63 27
63 43
63 62
63 78
63 174
63 261
63 275
63 405
64 10
64 13
64 16
64 59
64 62
64 138
64 986
64 1237
65 3
65 9
65 10
65 19
65 51
65 102
65 119
65 127
65 132
65 150
65 213
65 214
65 220
65 240
65 251
65 257
65 258
65 261
65 271
66 3
66 5
66 12
66 16
66 46
66 74
66 90
66 108
66 201
66 218
66 410
66 1317
67 0
67 3
67 5
67 7
67 29
67 82
67 104
67 112
67 134
67 152
67 161
67 266
68 6
68 11
68 16
68 21
68 29
68 92
68 110
68 123
68 128
68 195
68 204
68 227
68 232
68 245
68 255
68 268
68 292
68 294
69 9
69 15
69 43
69 49
69 60
69 155
69 415
69 718
70 9
70 10
70 30
70 43
70 53
70 79
70 162
70 237
70 783
70 973
70 1344
71 0
71 7
71 8
71 15
71 37
71 78
71 117
71 129
71 200
71 235
72 1
72 3
72 5
72 10
72 37
72 75
72 106
72 153
72 171
72 184
72 206
72 218
72 278
72 296
72 420
72 645
72 1067
73 1
73 4
73 9
73 11
73 45
73 92
73 136
73 137
73 138
73 220
73 1129
74 14
74 17
74 30
74 51
74 66
74 96
74 131
74 291
75 0
75 4
75 16
75 60
75 72
75 93
75 95
75 101
75 159
75 164
75 191
75 243
75 272
75 425
76 15
76 18
76 23
76 26
76 31
76 130
76 141
76 187
76 286
76 296
76 885
77 5
77 8
77 12
77 33
77 41
77 90
77 144
77 151
78 8
78 9
78 50
78 63
78 71
78 91
78 135
78 146
78 159
78 430
79 10
79 26
79 39
79 44
79 70
79 84
79 106
79 165
79 176
79 917
80 4
80 6
80 16
80 17
80 38
80 109
80 195
80 221
80 282
80 777
80 1195
81 2
81 9
81 12
81 14
81 60
81 85
81 128
81 246
81 435
81 944
82 0
82 3
82 13
82 16
82 67
82 119
82 149
82 177
82 203
82 205
82 213
82 230
82 236
82 242
82 292
82 293
83 0
83 4
83 10
83 27
83 29
83 113
83 120
83 129
83 165
83 201
83 206
83 216
83 250
84 7
84 12
84 18
84 46
84 79
84 87
84 92
84 96
84 136
84 146
84 170
84 184
84 199
84 211
84 228
84 259
84 265
84 440
84 926
84 1321
85 1
85 4
85 9
85 34
85 81
85 113
85 198
85 790
86 4
86 9
86 20
86 41
86 55
86 131
86 141
86 152
86 168
86 174
86 209
86 210
86 246
86 270
86 898
87 12
87 38
87 47
87 55
87 84
87 96
87 105
87 123
87 137
87 175
87 254
87 260
87 445
87 1255
88 4
88 18
88 20
88 22
88 39
88 118
88 134
88 222
89 10
89 15
89 17
89 22
89 37
89 102
89 189
90 3
90 17
90 57
90 66
90 77
90 99
90 450
91 5
91 13
91 19
91 60
91 78
91 144
91 190
92 15
92 37
92 68
92 73
92 84
92 187
92 193
92 250
92 255
92 262
92 291
93 5
93 8
93 60
93 61
93 75
93 116
93 141
93 181
93 293
93 455
94 1
94 4
94 12
94 14
94 35
94 117
94 120
94 128
94 258
94 284
94 286
95 8
95 9
95 11
95 30
95 75
95 130
95 145
95 157
95 166
95 182
95 197
95 220
96 11
96 50
96 74
96 84
96 87
96 184
96 208
96 272
96 460
96 1248
97 1
97 10
97 18
97 30
97 49
97 170
97 269
98 1
98 2
98 24
98 37
98 45
98 245
98 257
99 8
99 22
99 39
99 54
99 90
99 133
99 142
99 169
99 178
99 183
99 286
99 465
100 6
100 9
100 37
100 47
100 62
100 143
100 149
100 255
101 6
101 8
101 14
101 59
101 75
102 2
102 17
102 31
102 65
102 89
102 470
102 1218
103 19
103 22
103 33
103 45
103 62
103 207
103 225
103 263
103 286
103 943
103 1272
104 5
104 8
104 28
104 54
104 67
104 117
105 4
105 15
105 17
105 54
105 87
105 124
105 131
105 138
105 162
105 214
105 218
105 253
105 258
105 264
105 284
105 475
105 896
106 9
106 30
106 49
106 72
106 79
106 171
106 277
106 295
107 4
107 9
107 16
107 25
107 55
107 195
107 205
107 219
107 237
107 275
107 287
107 895
108 5
108 22
108 33
108 43
108 66
108 146
108 235
108 245
108 480
109 14
109 19
109 37
109 49
109 80
109 110
109 133
109 143
109 144
109 149
109 156
109 259
109 282
110 5
110 9
110 46
110 68
110 109
110 134
110 241
110 254
110 817
110 957
111 5
111 6
111 9
111 19
111 38
111 188
111 207
111 209
111 240
111 485
112 15
112 36
112 40
112 47
112 67
112 136
112 158
112 179
112 229
112 1161
113 15
113 23
113 49
113 83
113 85
113 135
113 196
113 222
113 249
114 8
114 15
114 23
114 38
114 46
114 179
114 190
114 233
114 256
114 490
115 11
115 21
115 22
115 25
115 59
115 258
115 261
115 272
115 287
115 1009
116 11
116 20
116 27
116 48
116 93
116 124
116 127
116 163
116 210
116 213
116 214
117 30
117 38
117 71
117 94
117 104
117 495
118 15
118 25
118 46
118 60
118 88
118 150
118 735
118 753
119 5
119 55
119 61
119 65
119 82
119 120
119 152
119 187
119 216
119 236
119 261
119 272
120 5
120 43
120 83
120 94
120 119
120 177
120 232
120 500
121 6
121 8
121 46
121 54
121 56
121 125
121 126
122 11
122 18
122 26
122 27
122 33
122 241
122 242
123 30
123 47
123 60
123 68
123 87
123 136
123 157
123 170
123 174
123 185
123 279
123 505
124 5
124 8
124 29
124 105
124 116
124 137
124 207
124 294
124 825
125 29
125 43
125 46
125 47
125 121
125 144
125 186
125 219
125 251
125 296
126 5
126 7
126 9
126 13
126 121
126 171
126 510
127 10
127 25
127 32
127 65
127 116
127 133
127 212
127 230
127 257
127 276
127 1169
127 1398
128 18
128 33
128 68
128 81
128 94
128 140
128 147
128 187
128 231
128 233
128 248
128 256
128 284
128 921
129 1
129 7
129 9
129 71
129 83
129 144
129 151
129 154
129 515
130 1
130 29
130 59
130 76
130 95
130 165
130 167
130 219
130 1375
131 9
131 33
131 74
131 86
131 105
131 135
131 185
132 5
132 13
132 27
132 46
132 65
132 520
132 831
132 927
133 45
133 61
133 99
133 109
133 127
133 139
133 215
133 790
134 33
134 39
134 67
134 88
134 110
134 139
134 215
134 271
134 277
135 1
135 20
135 78
135 113
135 131
135 182
135 188
135 213
135 285
135 525
135 876
136 5
136 73
136 84
136 112
136 123
136 280
137 18
137 46
137 73
137 87
137 124
137 138
137 211
137 215
137 270
137 1271
138 55
138 64
138 73
138 105
138 137
138 150
138 178
138 208
138 265
138 530
138 866
138 1158
139 4
139 20
139 36
139 133
139 134
139 145
139 149
139 165
139 229
139 279
140 3
140 15
140 20
140 31
140 128
140 166
140 183
140 186
140 190
140 1030
141 0
141 4
141 15
141 76
141 86
141 93
141 535
142 3
142 8
142 16
142 20
142 99
142 238
142 243
143 9
143 18
143 39
143 100
143 109
143 204
143 218
143 263
144 5
144 77
144 91
144 109
144 125
144 129
144 161
144 164
144 198
144 211
144 273
144 294
144 540
144 1132
145 0
145 18
145 38
145 95
145 139
145 183
146 5
146 46
146 78
146 84
146 108
146 167
146 836
147 7
147 47
147 49
147 53
147 128
147 187
147 545
148 1
148 10
148 11
148 36
148 37
149 17
149 82
149 100
149 109
149 139
149 154
149 198
149 1025
150 4
150 39
150 65
150 118
150 138
150 189
150 550
151 9
151 11
151 52
151 77
151 129
151 153
151 159
152 16
152 39
152 67
152 86
152 119
152 191
153 1
153 50
153 57
153 72
153 151
153 290
153 555
154 7
154 11
154 20
154 129
154 149
154 156
154 294
154 901
155 27
155 37
155 55
155 61
155 69
155 199
155 202
155 224
155 236
155 241
155 263
155 283
156 19
156 38
156 43
156 109
156 154
156 210
156 218
156 560
157 5
157 7
157 18
157 95
157 123
157 238
157 289
157 1331
158 7
158 13
158 39
158 58
158 112
158 160
158 169
158 298
159 13
159 19
159 75
159 78
159 151
159 565
160 28
160 29
160 38
160 46
160 158
160 216
160 228
160 280
161 10
161 18
161 39
161 67
161 144
162 20
162 26
162 51
162 70
162 105
162 570
163 8
163 9
163 15
163 19
163 116
163 1152
164 3
164 9
164 12
164 75
164 144
164 180
164 247
164 251
164 295
165 50
165 79
165 83
165 130
165 139
165 575
166 4
166 5
166 10
166 95
166 140
167 10
167 15
167 24
167 130
167 146
167 175
167 203
167 240
167 275
168 10
168 13
168 49
168 52
168 86
168 200
168 278
168 580
168 1091
169 8
169 30
169 39
169 99
169 158
169 219
169 236
169 243
170 13
170 38
170 84
170 97
170 123
170 282
170 293
170 905
171 52
171 57
171 72
171 106
171 126
171 195
171 208
171 227
171 585
172 3
172 4
172 13
172 27
172 48
172 211
172 722
173 1
173 22
173 29
173 30
173 52
173 175
173 232
173 258
173 1260
174 5
174 37
174 63
174 86
174 123
174 590
175 20
175 29
175 87
175 167
175 173
175 254
175 1009
176 3
176 4
176 7
176 34
176 79
176 249
176 283
176 1077
177 1
177 16
177 48
177 82
177 120
177 209
177 248
177 262
177 271
177 299
177 595
177 1183
178 1
178 9
178 31
178 99
178 138
178 235
178 276
178 1349
179 3
179 7
179 13
179 112
179 114
179 193
180 0
180 8
180 13
180 48
180 164
180 600
181 1
181 10
181 23
181 43
181 93
181 224
181 299
182 31
182 43
182 55
182 95
182 135
182 242
182 1026
182 1392
183 15
183 48
183 99
183 140
183 145
183 605
183 733
184 39
184 59
184 72
184 84
184 96
185 16
185 18
185 54
185 123
185 131
185 198
186 9
186 29
186 40
186 125
186 140
186 234
186 610
187 76
187 92
187 119
187 128
187 147
187 1113
187 1184
188 13
188 38
188 41
188 111
188 135
188 818
189 18
189 22
189 45
189 89
189 150
189 264
189 615
190 9
190 12
190 91
190 114
190 140
191 1
191 18
191 59
191 75
191 152
191 194
191 239
191 787
192 14
192 19
192 24
192 35
192 56
192 229
192 620
193 0
193 2
193 46
193 92
193 179
193 1266
194 8
194 15
194 20
194 23
194 191
195 6
195 68
195 80
195 107
195 171
195 625
196 6
196 9
196 12
196 30
196 113
197 0
197 5
197 11
197 13
197 95
197 263
197 1029
197 1135
198 45
198 85
198 144
198 149
198 185
198 288
198 630
198 1364
199 1
199 11
199 47
199 84
199 155
199 283
199 1257
200 15
200 22
200 23
200 71
200 168
200 207
200 266
200 701
201 1
201 2
201 16
201 66
201 83
201 246
201 261
201 267
201 635
201 975
202 26
202 31
202 37
202 43
202 155
202 1292
203 13
203 28
203 56
203 82
203 167
203 243
203 1162
204 5
204 7
204 8
204 68
204 143
204 228
204 255
204 290
204 640
205 3
205 5
205 16
205 82
205 107
206 8
206 49
206 51
206 72
206 83
206 217
206 254
207 1
207 103
207 111
207 124
207 200
207 645
208 25
208 31
208 96
208 138
208 171
208 252
208 1384
209 40
209 61
209 86
209 111
209 177
209 316
209 858
209 1367
210 9
210 49
210 86
210 116
210 156
210 650
210 1284
211 44
211 84
211 137
211 144
211 172
211 734
212 22
212 31
212 33
212 56
212 127
212 219
212 290
213 34
213 65
213 82
213 116
213 135
213 229
213 260
213 655
214 8
214 54
214 65
214 105
214 116
214 224
214 231
215 9
215 10
215 133
215 134
215 137
215 228
215 580
216 1
216 7
216 83
216 119
216 160
216 660
216 1095
217 4
217 24
217 27
217 37
217 206
217 1368
218 66
218 72
218 105
218 143
218 156
218 1167
219 107
219 125
219 130
219 169
219 212
219 665
219 1184
220 16
220 25
220 65
220 73
220 95
220 223
221 6
221 25
221 29
221 59
221 80
221 277
221 913
222 36
222 45
222 48
222 88
222 113
222 227
222 231
222 249
222 670
223 1
223 7
223 17
223 34
223 220
223 248
224 13
224 15
224 155
224 181
224 214
224 254
225 8
225 14
225 38
225 46
225 103
225 268
225 287
225 675
226 12
226 13
226 27
226 31
226 34
226 230
227 6
227 55
227 68
227 171
227 222
227 289
228 22
228 84
228 160
228 204
228 215
228 287
228 680
229 18
229 112
229 139
229 192
229 213
229 284
229 844
230 4
230 7
230 82
230 127
230 226
230 232
230 947
230 1265
231 1
231 39
231 128
231 214
231 222
231 685
232 16
232 68
232 120
232 173
232 230
232 290
232 1150
233 13
233 33
233 37
233 114
233 128
234 7
234 17
234 31
234 58
234 186
234 259
234 690
235 8
235 19
235 37
235 71
235 108
235 178
235 269
235 270
236 12
236 82
236 119
236 155
236 169
237 6
237 21
237 41
237 70
237 107
237 695
238 9
238 27
238 43
238 142
238 157
239 13
239 16
239 39
239 52
239 191
240 10
240 60
240 65
240 111
240 167
241 1
241 5
241 110
241 122
241 155
242 9
242 38
242 82
242 122
242 182
242 264
242 291
242 1296
243 49
243 75
243 142
243 169
243 203
244 6
244 7
244 12
244 18
244 22
245 10
245 15
245 68
245 98
245 108
246 3
246 45
246 81
246 86
246 201
247 4
247 14
247 25
247 41
247 164
248 7
248 10
248 128
248 177
248 223
248 1122
249 5
249 53
249 113
249 176
249 222
249 977
250 24
250 40
250 50
250 83
250 92
250 285
251 41
251 55
251 65
251 125
251 164
252 2
252 4
252 13
252 52
252 208
252 468
252 840
253 3
253 15
253 45
253 55
253 105
254 87
254 110
254 175
254 206
254 224
254 357
254 1292
255 5
255 68
255 92
255 100
255 204
255 1101
255 1190
256 8
256 9
256 31
256 114
256 128
257 6
257 54
257 65
257 98
257 127
258 65
258 94
258 105
258 115
258 173
258 291
259 3
259 56
259 84
259 109
259 234
259 266
259 1143
260 7
260 28
260 50
260 87
260 213
261 63
261 65
261 115
261 119
261 201
261 1345
262 15
262 49
262 59
262 92
262 177
262 1355
263 24
263 103
263 143
263 155
263 197
264 5
264 10
264 105
264 189
264 242
264 653
264 787
265 12
265 13
265 28
265 84
265 138
265 783
266 15
266 29
266 67
266 200
266 259
266 296
267 3
267 13
267 16
267 25
267 201
267 281
267 859
267 1245
268 5
268 10
268 13
268 68
268 225
268 1093
269 19
269 52
269 60
269 97
269 235
269 774
270 9
270 21
270 86
270 137
270 235
271 1
271 6
271 65
271 134
271 177
272 39
272 75
272 96
272 115
272 119
272 1387
273 22
273 24
273 29
273 41
273 144
274 3
274 7
274 13
274 43
274 54
275 21
275 24
275 63
275 107
275 167
276 7
276 10
276 36
276 42
276 127
276 178
277 12
277 25
277 106
277 134
277 221
277 703
277 1050
277 1066
277 1249
278 4
278 17
278 61
278 72
278 168
278 1242
279 5
279 26
279 29
279 123
279 139
280 5
280 38
280 50
280 136
280 160
281 11
281 17
281 45
281 56
281 267
281 390
282 5
282 13
282 80
282 109
282 170
283 10
283 12
283 155
283 176
283 199
284 18
284 94
284 105
284 128
284 229
284 292
285 0
285 1
285 59
285 135
285 250
285 1168
285 1270
286 5
286 76
286 94
286 99
286 103
287 5
287 107
287 115
287 225
287 228
288 38
288 40
288 45
288 56
288 198
289 13
289 28
289 41
289 157
289 227
290 59
290 153
290 204
290 212
290 232
291 13
291 74
291 92
291 242
291 258
292 4
292 19
292 68
292 82
292 284
292 983
292 1150
293 20
293 43
293 82
293 93
293 170
293 1294
294 30
294 68
294 124
294 144
294 154
295 8
295 16
295 62
295 106
295 164
296 59
296 72
296 76
296 125
296 266
297 6
297 8
297 10
297 13
297 38
298 8
298 17
298 42
298 46
298 158
299 12
299 13
299 50
299 177
299 181
299 758
299 822
300 0
300 301
300 303
300 304
300 770
300 1270
301 300
301 302
301 304
301 939
302 301
302 303
303 300
303 302
303 892
304 300
304 301
305 3
305 306
305 308
305 309
306 305
306 307
306 309
307 306
307 308
308 305
308 307
309 305
309 306
310 6
310 311
310 313
310 314
311 310
311 312
311 314
312 311
312 313
313 310
313 312
313 513
314 310
314 311
314 1390
315 9
315 316
315 318
315 319
315 735
316 209
316 315
316 317
316 319
316 756
317 316
317 318
318 315
318 317
319 315
319 316
319 534
319 1215
320 12
320 321
320 323
320 324
320 952
320 1343
321 320
321 322
321 324
322 321
322 323
323 320
323 322
323 988
323 1368
324 320
324 321
324 1287
325 15
325 326
325 328
325 329
326 325
326 327
326 329
326 1101
327 326
327 328
327 1111
327 1209
328 325
328 327
329 325
329 326
329 1375
330 18
330 331
330 333
330 334
331 330
331 332
331 334
332 331
332 333
333 330
333 332
333 993
334 330
334 331
334 880
335 21
335 336
335 338
335 339
335 723
336 335
336 337
336 339
337 336
337 338
338 335
338 337
339 335
339 336
340 24
340 341
340 343
340 344
341 340
341 342
341 344
341 1181
342 341
342 343
343 340
343 342
344 340
344 341
344 1004
344 1103
345 27
345 346
345 348
345 349
345 979
346 345
346 347
346 349
346 1204
346 1334
347 346
347 348
348 345
348 347
348 849
349 345
349 346
349 916
349 1065
350 30
350 351
350 353
350 354
350 802
351 350
351 352
351 354
352 351
352 353
353 350
353 352
353 1162
354 350
354 351
354 1026
355 33
355 356
355 358
355 359
356 355
356 357
356 359
357 254
357 356
357 358
357 932
357 1315
358 355
358 357
358 1346
359 355
359 356
359 1078
360 36
360 361
360 363
360 364
361 360
361 362
361 364
362 361
362 363
363 360
363 362
364 360
364 361
364 744
365 39
365 366
365 368
365 369
366 365
366 367
366 369
367 366
367 368
368 365
368 367
369 365
369 366
370 42
370 371
370 373
370 374
371 370
371 372
371 374
372 371
372 373
372 1094
373 370
373 372
373 955
373 1159
374 370
374 371
375 45
375 376
375 378
375 379
376 375
376 377
376 379
377 376
377 378
378 375
378 377
378 711
378 1251
379 375
379 376
380 48
380 381
380 383
380 384
381 380
381 382
381 384
381 803
381 1339
382 381
382 383
383 380
383 382
384 380
384 381
385 51
385 386
385 388
385 389
385 870
386 385
386 387
386 389
387 386
387 388
388 385
388 387
389 385
389 386
389 1357
390 54
390 281
390 391
390 393
390 394
390 984
391 390
391 392
391 394
392 391
392 393
392 1125
393 7
393 390
393 392
394 390
394 391
394 748
395 57
395 396
395 398
395 399
395 1304
396 395
396 397
396 399
396 963
396 1290
397 396
397 398
397 761
397 1087
397 1092
398 395
398 397
398 562
399 395
399 396
400 60
400 401
400 403
400 404
400 791
401 400
401 402
401 404
402 401
402 403
403 400
403 402
404 400
404 401
405 63
405 406
405 408
405 409
405 1299
406 405
406 407
406 409
407 406
407 408
408 405
408 407
409 405
409 406
409 909
410 66
410 411
410 413
410 414
410 712
410 1012
411 410
411 412
411 414
411 1092
412 411
412 413
412 842
412 1380
413 410
413 412
414 410
414 411
414 759
415 69
415 416
415 418
415 419
416 415
416 417
416 419
417 416
417 418
418 415
418 417
418 918
419 415
419 416
420 72
420 421
420 423
420 424
421 420
421 422
421 424
422 421
422 423
423 420
423 422
424 420
424 421
425 75
425 426
425 428
425 429
425 764
425 809
425 1034
426 425
426 427
426 429
426 800
427 426
427 428
428 425
428 427
428 1254
429 425
429 426
429 1117
430 78
430 431
430 433
430 434
430 1306
431 430
431 432
431 434
431 627
432 431
432 433
433 430
433 432
433 1179
433 1267
434 430
434 431
434 918
435 81
435 436
435 438
435 439
436 435
436 437
436 439
436 1046
437 436
437 438
438 435
438 437
439 435
439 436
440 84
440 441
440 443
440 444
441 440
441 442
441 444
442 441
442 443
443 440
443 442
444 440
444 441
445 87
445 446
445 448
445 449
446 445
446 447
446 449
447 446
447 448
447 1280
448 445
448 447
449 445
449 446
449 1199
450 90
450 451
450 453
450 454
451 450
451 452
451 454
451 1276
452 451
452 453
452 858
453 450
453 452
454 450
454 451
454 722
455 93
455 456
455 458
455 459
455 1322
456 455
456 457
456 459
456 633
457 456
457 458
458 455
458 457
459 455
459 456
460 96
460 461
460 463
460 464
461 460
461 462
461 464
462 461
462 463
462 1275
463 460
463 462
464 460
464 461
464 1141
464 1197
465 99
465 466
465 468
465 469
465 1225
466 465
466 467
466 469
467 466
467 468
468 252
468 465
468 467
469 465
469 466
470 102
470 471
470 473
470 474
470 1299
471 470
471 472
471 474
472 471
472 473
472 837
473 470
473 472
473 1205
474 470
474 471
475 105
475 476
475 478
475 479
475 1363
476 475
476 477
476 479
477 476
477 478
477 1301
478 475
478 477
478 503
478 808
479 475
479 476
479 1285
480 108
480 481
480 483
480 484
481 480
481 482
481 484
481 1155
482 481
482 483
483 480
483 482
483 1329
484 480
484 481
484 1239
485 111
485 486
485 488
485 489
486 485
486 487
486 489
487 486
487 488
487 1362
488 485
488 487
488 801
488 883
488 1170
489 485
489 486
489 747
489 801
490 114
490 491
490 493
490 494
490 668
491 490
491 492
491 494
491 854
492 491
492 493
492 1107
492 1153
493 490
493 492
494 490
494 491
495 117
495 496
495 498
495 499
496 495
496 497
496 499
497 496
497 498
498 495
498 497
498 1355
499 495
499 496
500 120
500 501
500 503
500 504
500 1192
500 1252
501 500
501 502
501 504
501 1176
502 501
502 503
503 478
503 500
503 502
504 500
504 501
504 820
505 123
505 506
505 508
505 509
506 505
506 507
506 509
507 506
507 508
508 505
508 507
508 583
509 505
509 506
510 126
510 511
510 513
510 514
511 510
511 512
511 514
511 1020
512 511
512 513
512 1198
513 313
513 510
513 512
513 949
513 1247
514 510
514 511
514 1017
515 129
515 516
515 518
515 519
516 515
516 517
516 519
517 516
517 518
517 793
518 515
518 517
519 515
519 516
519 880
520 132
520 521
520 523
520 524
521 520
521 522
521 524
521 940
522 521
522 523
523 520
523 522
523 1365
524 520
524 521
525 135
525 526
525 528
525 529
526 525
526 527
526 529
527 526
527 528
528 525
528 527
529 525
529 526
529 1020
530 138
530 531
530 533
530 534
531 530
531 532
531 534
532 531
532 533
532 786
532 1255
533 530
533 532
534 319
534 530
534 531
534 1144
535 141
535 536
535 538
535 539
536 535
536 537
536 539
537 536
537 538
538 535
538 537
539 535
539 536
540 144
540 541
540 543
540 544
541 540
541 542
541 544
542 541
542 543
543 540
543 542
543 1249
544 540
544 541
544 939
545 147
545 546
545 548
545 549
545 918
546 545
546 547
546 549
547 546
547 548
547 1305
548 545
548 547
548 1205
549 545
549 546
550 150
550 551
550 553
550 554
550 1292
551 550
551 552
551 554
552 551
552 553
553 550
553 552
554 550
554 551
555 153
555 556
555 558
555 559
556 555
556 557
556 559
556 822
557 556
557 558
557 1278
558 555
558 557
559 555
559 556
560 156
560 561
560 563
560 564
561 560
561 562
561 564
562 398
562 561
562 563
562 964
563 560
563 562
564 560
564 561
565 159
565 566
565 568
565 569
566 565
566 567
566 569
566 1233
566 1320
567 566
567 568
568 565
568 567
568 1297
569 565
569 566
569 716
569 726
570 162
570 571
570 573
570 574
571 570
571 572
571 574
572 571
572 573
573 570
573 572
574 570
574 571
575 165
575 576
575 578
575 579
576 575
576 577
576 579
577 576
577 578
578 575
578 577
579 575
579 576
580 168
580 215
580 581
580 583
580 584
581 580
581 582
581 584
582 581
582 583
583 508
583 580
583 582
584 580
584 581
584 1348
585 171
585 586
585 588
585 589
586 585
586 587
586 589
587 586
587 588
588 585
588 587
588 861
589 585
589 586
590 174
590 591
590 593
590 594
590 1099
591 590
591 592
591 594
592 591
592 593
593 590
593 592
593 1320
594 590
594 591
594 817
595 177
595 596
595 598
595 599
596 595
596 597
596 599
596 1363
597 596
597 598
597 857
597 1224
598 595
598 597
598 948
599 595
599 596
599 1012
600 180
600 601
600 603
600 604
600 1121
601 600
601 602
601 604
601 828
601 1085
601 1154
601 1227
601 1234
602 601
602 603
602 1253
603 600
603 602
604 600
604 601
605 183
605 606
605 608
605 609
605 721
605 777
605 944
606 605
606 607
606 609
607 606
607 608
608 605
608 607
608 1126
609 605
609 606
610 186
610 611
610 613
610 614
611 610
611 612
611 614
612 611
612 613
612 783
613 610
613 612
614 610
614 611
615 189
615 616
615 618
615 619
615 900
615 918
616 615
616 617
616 619
616 929
617 616
617 618
618 615
618 617
619 615
619 616
620 192
620 621
620 623
620 624
621 620
621 622
621 624
622 621
622 623
622 939
623 620
623 622
623 1382
624 620
624 621
625 195
625 626
625 628
625 629
626 625
626 627
626 629
626 1315
627 431
627 626
627 628
628 625
628 627
629 625
629 626
629 702
630 198
630 631
630 633
630 634
630 1231
631 630
631 632
631 634
632 631
632 633
632 1287
633 456
633 630
633 632
634 630
634 631
634 847
635 201
635 636
635 638
635 639
636 635
636 637
636 639
637 636
637 638
637 707
637 1194
638 635
638 637
639 635
639 636
639 1000
640 204
640 641
640 643
640 644
641 640
641 642
641 644
641 1053
642 641
642 643
642 1006
643 640
643 642
644 640
644 641
644 1151
645 72
645 207
645 646
645 648
645 649
646 645
646 647
646 649
646 903
647 646
647 648
647 732
648 645
648 647
648 1175
649 645
649 646
650 210
650 651
650 653
650 654
650 839
651 650
651 652
651 654
652 651
652 653
653 264
653 650
653 652
653 1160
654 650
654 651
655 213
655 656
655 658
655 659
656 655
656 657
656 659
657 656
657 658
658 655
658 657
658 1047
659 655
659 656
660 216
660 661
660 663
660 664
660 929
661 660
661 662
661 664
661 1000
661 1365
662 661
662 663
662 1378
663 660
663 662
664 660
664 661
665 219
665 666
665 668
665 669
665 1166
665 1383
666 665
666 667
666 669
666 996
667 666
667 668
668 490
668 665
668 667
669 665
669 666
670 222
670 671
670 673
670 674
670 1175
670 1183
671 670
671 672
671 674
672 671
672 673
672 732
673 670
673 672
674 670
674 671
675 225
675 676
675 678
675 679
676 675
676 677
676 679
677 676
677 678
678 675
678 677
678 809
679 675
679 676
680 228
680 681
680 683
680 684
680 1357
681 680
681 682
681 684
682 681
682 683
683 680
683 682
683 1288
684 680
684 681
684 935
685 231
685 686
685 688
685 689
685 1104
685 1399
686 685
686 687
686 689
686 1390
687 686
687 688
688 685
688 687
689 685
689 686
690 234
690 691
690 693
690 694
690 848
690 1023
691 690
691 692
691 694
691 797
692 691
692 693
692 1383
693 690
693 692
694 690
694 691
694 889
695 237
695 696
695 698
695 699
696 695
696 697
696 699
696 990
696 992
697 696
697 698
698 695
698 697
698 1031
699 695
699 696
700 705
700 706
700 707
700 708
700 718
700 727
700 730
700 732
700 738
700 755
700 764
700 806
700 817
700 821
700 856
700 862
700 868
700 876
700 933
700 940
700 955
700 966
700 1000
701 10
701 200
701 705
701 706
701 707
701 708
701 709
701 710
701 711
701 714
701 715
701 716
701 723
701 724
701 727
701 741
701 744
701 753
701 754
701 763
701 770
701 774
701 784
701 805
701 807
701 821
701 832
701 847
701 851
701 858
701 887
701 896
701 909
701 915
701 925
701 926
701 958
701 974
701 975
701 979
702 629
702 705
702 706
702 713
702 714
702 750
702 829
702 834
702 852
703 33
703 277
703 705
703 707
703 709
703 711
703 712
703 713
703 714
703 717
703 719
703 724
703 725
703 744
703 746
703 756
703 759
703 763
703 782
703 798
703 808
703 846
703 847
703 850
703 870
703 942
703 949
703 953
703 962
703 980
703 1005
704 705
704 706
704 708
704 718
704 721
704 726
704 845
704 878
704 977
704 1299
705 700
705 701
705 702
705 703
705 704
705 706
705 707
705 708
705 710
705 711
705 712
705 717
705 719
705 726
705 731
705 732
705 740
705 743
705 748
705 759
705 778
705 784
705 787
705 806
705 807
705 808
705 828
705 833
705 838
705 839
705 855
705 856
705 861
705 869
705 870
705 871
705 872
705 875
705 912
705 914
705 922
705 936
705 948
705 949
705 954
705 988
705 990
706 700
706 701
706 702
706 704
706 705
706 707
706 709
706 710
706 712
706 714
706 715
706 717
706 720
706 722
706 725
706 729
706 730
706 731
706 732
706 737
706 742
706 743
706 744
706 745
706 751
706 754
706 756
706 757
706 759
706 763
706 768
706 774
706 777
706 778
706 784
706 791
706 796
706 802
706 803
706 810
706 811
706 812
706 813
706 817
706 820
706 822
706 835
706 839
706 840
706 843
706 844
706 847
706 862
706 869
706 877
706 878
706 884
706 902
706 909
706 910
706 920
706 925
706 935
706 937
706 952
706 954
706 958
706 965
706 981
706 988
706 1010
707 637
707 700
707 701
707 703
707 705
707 706
707 708
707 709
707 710
707 711
707 712
707 713
707 714
707 716
707 719
707 721
707 723
707 725
707 730
707 733
707 735
707 736
707 738
707 739
707 745
707 751
707 755
707 756
707 762
707 766
707 769
707 770
707 772
707 775
707 779
707 781
707 786
707 797
707 800
707 804
707 807
707 810
707 816
707 819
707 830
707 831
707 835
707 838
707 855
707 860
707 863
707 868
707 873
707 886
707 895
707 900
707 916
707 918
707 924
707 926
707 936
707 948
707 951
707 975
708 700
708 701
708 704
708 705
708 707
708 709
708 710
708 718
708 721
708 722
708 726
708 728
708 733
708 734
708 736
708 738
708 741
708 745
708 747
708 750
708 758
708 761
708 763
708 771
708 772
708 775
708 777
708 779
708 782
708 785
708 795
708 797
708 805
708 815
708 816
708 828
708 831
708 834
708 839
708 840
708 843
708 857
708 861
708 864
708 880
708 885
708 890
708 891
708 899
708 903
708 913
708 917
708 937
708 960
708 968
708 970
708 972
708 978
708 996
708 999
709 701
709 703
709 706
709 707
709 708
709 713
709 716
709 720
709 724
709 728
709 731
709 752
709 764
709 769
709 770
709 783
709 792
709 809
709 812
709 813
709 818
709 823
709 826
709 839
709 847
709 884
709 889
709 892
709 931
709 981
709 1015
710 701
710 705
710 706
710 707
710 708
710 711
710 715
710 717
710 722
710 727
710 735
710 738
710 748
710 760
710 762
710 763
710 786
710 803
710 824
710 837
710 842
710 843
710 866
710 892
710 940
710 963
710 967
710 970
710 973
710 985
711 378
711 701
711 703
711 705
711 707
711 710
711 712
711 713
711 715
711 716
711 718
711 721
711 733
711 740
711 747
711 748
711 752
711 766
711 769
711 771
711 776
711 778
711 789
711 801
711 841
711 850
711 854
711 865
711 866
711 872
711 874
711 889
711 893
711 917
711 938
711 943
711 961
711 978
711 989
711 996
712 410
712 703
712 705
712 706
712 707
712 711
712 736
712 740
712 745
712 764
712 765
712 773
712 780
712 789
712 793
712 794
712 801
712 825
712 961
712 980
712 1020
713 702
713 703
713 707
713 709
713 711
713 715
713 724
713 733
713 735
713 737
713 743
713 746
713 749
713 766
713 781
713 788
713 790
713 791
713 794
713 797
713 827
713 829
713 849
713 897
713 902
713 908
713 911
713 973
713 977
713 987
714 701
714 702
714 703
714 706
714 707
714 716
714 719
714 720
714 726
714 735
714 737
714 746
714 750
714 754
714 760
714 765
714 766
714 775
714 781
714 784
714 795
714 796
714 799
714 823
714 827
714 837
714 870
714 899
714 903
714 912
714 929
714 957
714 993
715 701
715 706
715 710
715 711
715 713
715 719
715 723
715 727
715 749
715 752
715 757
715 767
715 776
715 835
715 848
715 850
715 893
715 939
715 942
715 961
715 982
715 1025
716 569
716 701
716 707
716 709
716 711
716 714
716 717
716 718
716 720
716 721
716 722
716 730
716 736
716 741
716 744
716 750
716 752
716 757
716 758
716 767
716 777
716 782
716 798
716 801
716 808
716 847
716 849
716 851
716 852
716 859
716 868
716 915
716 959
716 981
716 992
716 994
717 703
717 705
717 706
717 710
717 716
717 720
717 728
717 739
717 740
717 781
717 790
717 802
717 804
717 835
717 838
717 848
717 875
717 880
717 883
717 886
717 898
717 907
717 910
717 911
717 915
717 937
717 956
718 69
718 700
718 704
718 708
718 711
718 716
718 722
718 723
718 725
718 727
718 729
718 749
718 757
718 759
718 772
718 789
718 792
718 795
718 823
718 837
718 839
718 856
718 889
718 895
718 897
718 907
718 929
718 948
718 950
718 972
718 976
718 996
718 1030
719 703
719 705
719 707
719 714
719 715
719 726
719 748
719 751
719 753
719 783
719 812
719 858
719 865
719 898
719 900
719 920
719 929
719 968
720 706
720 709
720 714
720 716
720 717
720 729
720 732
720 734
720 770
720 789
720 867
720 885
720 907
720 911
720 945
720 966
721 605
721 704
721 707
721 708
721 711
721 716
721 724
721 729
721 767
721 785
721 798
721 806
721 822
721 876
721 881
721 887
721 896
721 918
721 993
721 1035
722 172
722 454
722 706
722 708
722 710
722 716
722 718
722 723
722 728
722 729
722 736
722 738
722 739
722 751
722 754
722 766
722 833
722 851
722 852
722 858
722 889
722 905
722 910
722 916
722 942
722 949
722 984
723 335
723 701
723 707
723 715
723 718
723 722
723 728
723 800
724 701
724 703
724 709
724 713
724 721
724 725
724 730
724 731
724 735
724 739
724 746
724 747
724 748
724 752
724 753
724 756
724 761
724 765
724 767
724 775
724 779
724 783
724 790
724 800
724 813
724 827
724 842
724 851
724 857
724 862
724 877
724 878
724 886
724 891
724 902
724 905
724 909
724 919
724 928
724 933
724 937
724 1040
725 703
725 706
725 707
725 718
725 724
725 745
725 760
725 793
725 836
725 882
725 948
725 998
726 569
726 704
726 705
726 708
726 714
726 719
726 742
726 758
726 764
726 768
726 783
726 788
726 791
726 824
726 843
726 855
726 883
726 924
726 939
726 972
726 991
727 700
727 701
727 710
727 715
727 718
727 734
727 755
727 805
727 809
727 820
727 832
727 948
727 1045
728 708
728 709
728 717
728 722
728 723
728 733
728 740
728 743
728 753
728 760
728 761
728 768
728 776
728 787
728 794
728 801
728 807
728 808
728 811
728 815
728 831
728 834
728 835
728 852
728 858
728 867
728 874
728 894
728 903
728 944
728 946
728 976
728 999
729 706
729 718
729 720
729 721
729 722
729 731
729 765
729 823
729 842
729 845
729 869
729 873
729 931
729 979
729 981
730 700
730 706
730 707
730 716
730 724
730 734
730 806
730 862
730 911
730 968
730 985
730 1050
731 705
731 706
731 709
731 724
731 729
731 732
731 751
731 761
731 764
731 773
731 779
731 783
731 785
731 788
731 790
731 791
731 812
731 815
731 827
731 837
731 881
731 931
731 946
731 952
731 953
731 957
731 964
731 965
731 972
731 982
732 2
732 647
732 672
732 700
732 705
732 706
732 720
732 731
732 741
732 742
732 747
732 761
732 762
732 773
732 798
732 855
732 864
732 879
732 885
732 894
732 925
732 947
732 987
732 990
733 183
733 707
733 708
733 711
733 713
733 728
733 734
733 737
733 739
733 744
733 778
733 788
733 790
733 793
733 795
733 880
733 905
733 908
733 911
733 921
733 930
733 1055
734 211
734 708
734 720
734 727
734 730
734 733
734 741
734 743
734 819
734 830
734 848
734 975
734 979
735 118
735 315
735 707
735 710
735 713
735 714
735 724
735 747
735 773
735 793
735 840
735 848
735 855
735 863
735 877
735 904
735 913
735 938
736 707
736 708
736 712
736 716
736 722
736 737
736 742
736 754
736 755
736 792
736 811
736 867
736 868
736 1060
737 706
737 713
737 714
737 733
737 736
737 864
737 952
738 700
738 707
738 708
738 710
738 722
738 749
738 815
738 886
738 890
738 958
738 995
739 707
739 717
739 722
739 724
739 733
739 746
739 769
739 785
739 794
739 803
739 830
739 840
739 900
739 927
739 1065
740 705
740 711
740 712
740 717
740 728
740 990
741 701
741 708
741 716
741 732
741 734
741 742
741 749
741 768
741 776
741 782
741 784
741 787
741 803
741 857
741 869
741 899
741 917
741 930
741 935
741 962
741 973
742 706
742 726
742 732
742 736
742 741
742 779
742 780
742 785
742 810
742 814
742 836
742 846
742 851
742 874
742 887
742 983
742 989
742 1070
743 705
743 706
743 713
743 728
743 734
743 755
743 760
743 765
743 768
743 801
743 822
743 841
743 895
743 916
743 958
743 991
744 55
744 364
744 701
744 703
744 706
744 716
744 733
744 810
744 814
744 854
744 870
744 927
744 984
745 706
745 707
745 708
745 712
745 725
745 753
745 758
745 762
745 772
745 773
745 787
745 826
745 841
745 935
745 946
745 1075
746 703
746 713
746 714
746 724
746 739
746 756
746 771
746 933
747 489
747 708
747 711
747 724
747 732
747 735
747 750
747 776
747 797
747 808
747 818
747 822
747 824
747 886
747 969
747 988
748 394
748 705
748 710
748 711
748 719
748 724
748 774
748 822
748 897
748 927
748 1080
749 713
749 715
749 718
749 738
749 741
749 757
749 816
749 820
749 838
749 845
749 846
749 892
749 904
749 1122
750 702
750 708
750 714
750 716
750 747
750 781
750 827
750 836
750 879
750 955
750 988
750 989
751 706
751 707
751 719
751 722
751 731
751 769
751 799
751 802
751 803
751 850
751 880
751 885
751 897
751 983
751 989
751 1085
752 709
752 711
752 715
752 716
752 724
752 818
752 824
752 843
752 907
752 987
752 989
753 118
753 701
753 719
753 724
753 728
753 745
753 774
753 844
753 888
753 920
753 924
754 701
754 706
754 714
754 722
754 736
754 780
754 809
754 828
754 881
754 975
754 1090
755 700
755 707
755 727
755 736
755 743
755 762
755 853
755 875
755 919
755 944
755 986
756 316
756 703
756 706
756 707
756 724
756 746
756 758
756 802
756 818
756 853
756 854
756 865
756 887
756 901
756 941
756 969
756 972
756 994
757 706
757 715
757 716
757 718
757 749
757 759
757 795
757 978
757 984
757 1095
758 299
758 708
758 716
758 726
758 745
758 756
758 800
758 805
758 898
758 900
758 921
758 982
759 414
759 703
759 705
759 706
759 718
759 757
759 815
759 841
759 873
759 879
759 959
759 963
760 710
760 714
760 725
760 728
760 743
760 782
760 794
760 799
760 825
760 947
760 988
760 1032
760 1100
761 397
761 708
761 724
761 728
761 731
761 732
761 774
761 775
761 807
761 813
761 833
761 840
761 858
761 864
761 866
761 872
761 885
761 901
761 905
761 920
761 939
761 942
761 946
761 950
761 951
762 707
762 710
762 732
762 745
762 755
762 771
762 821
762 878
762 906
763 701
763 703
763 706
763 708
763 710
763 772
763 777
763 778
763 788
763 796
763 845
763 849
763 852
763 955
763 957
763 992
763 1105
764 425
764 700
764 709
764 712
764 726
764 731
764 771
764 777
764 780
764 832
764 837
764 860
764 864
764 877
764 903
764 907
764 908
764 916
764 933
764 936
765 712
765 714
765 724
765 729
765 743
765 767
765 811
765 980
766 707
766 711
766 713
766 714
766 722
766 816
766 825
766 862
766 965
766 971
766 981
766 985
766 1110
767 715
767 716
767 721
767 724
767 765
767 770
767 804
767 821
767 829
767 895
767 901
767 941
767 943
767 945
767 954
767 969
767 986
768 706
768 726
768 728
768 741
768 743
768 817
768 833
768 880
768 896
768 938
769 707
769 709
769 711
769 739
769 751
769 780
769 786
769 860
769 866
769 869
769 892
769 893
769 957
769 973
769 1115
770 300
770 701
770 707
770 709
770 720
770 767
770 791
770 826
770 958
770 997
770 1359
771 708
771 711
771 746
771 762
771 764
771 810
771 831
771 845
771 854
771 868
771 876
771 891
771 899
771 918
771 921
772 707
772 708
772 718
772 745
772 763
772 799
772 844
772 913
772 1120
773 712
773 731
773 732
773 735
773 745
773 819
773 859
774 269
774 701
774 706
774 748
774 753
774 761
774 824
774 912
774 922
774 930
774 932
775 707
775 708
775 714
775 724
775 761
775 849
775 974
775 1125
776 711
776 715
776 728
776 741
776 747
776 799
776 854
776 894
776 932
776 951
777 80
777 605
777 706
777 708
777 716
777 763
777 764
777 786
777 789
777 817
777 820
777 865
777 871
777 872
777 884
777 908
777 914
777 987
777 995
777 997
778 705
778 706
778 711
778 733
778 763
778 792
778 802
778 811
778 829
778 856
778 877
778 887
778 892
778 915
778 921
778 931
778 943
778 1130
779 707
779 708
779 724
779 731
779 742
779 825
779 860
779 871
779 928
779 953
779 998
780 712
780 742
780 754
780 764
780 769
780 792
780 830
780 859
780 861
780 879
780 898
780 912
780 924
780 977
781 707
781 713
781 714
781 717
781 750
781 796
781 797
781 800
781 873
781 874
781 1135
782 703
782 708
782 716
782 741
782 760
782 821
782 828
782 890
782 967
783 70
783 265
783 612
783 709
783 719
783 724
783 726
783 731
783 786
783 819
784 701
784 705
784 706
784 714
784 741
784 916
784 1140
785 708
785 721
785 731
785 739
785 742
785 787
785 793
785 828
785 904
785 966
786 532
786 707
786 710
786 769
786 777
786 783
786 796
786 947
787 191
787 264
787 705
787 728
787 741
787 745
787 785
787 876
787 1145
788 713
788 726
788 731
788 733
788 763
788 823
788 859
789 711
789 712
789 718
789 720
789 777
789 923
789 926
790 85
790 133
790 713
790 717
790 724
790 731
790 733
790 950
790 964
790 1093
790 1150
791 400
791 706
791 713
791 726
791 731
791 770
791 838
791 853
792 709
792 718
792 736
792 778
792 780
792 833
792 867
792 910
793 517
793 712
793 725
793 733
793 735
793 785
793 813
793 884
793 937
793 1155
794 712
794 713
794 728
794 739
794 760
794 819
794 841
794 882
794 995
795 708
795 714
795 718
795 733
795 757
795 798
795 809
795 818
795 829
795 831
795 848
795 850
795 860
795 923
795 926
795 952
796 706
796 714
796 763
796 781
796 786
796 950
796 1160
797 691
797 707
797 708
797 713
797 747
797 781
797 844
797 856
797 961
798 703
798 716
798 721
798 732
798 795
798 817
798 863
799 714
799 751
799 760
799 772
799 776
799 804
799 805
799 826
799 1165
800 426
800 707
800 723
800 724
800 758
800 781
800 918
800 921
800 952
801 488
801 489
801 711
801 712
801 716
801 728
801 743
801 861
801 866
801 976
802 350
802 706
802 717
802 751
802 756
802 778
802 814
802 859
802 1170
803 381
803 706
803 710
803 739
803 741
803 751
803 804
803 947
803 966
803 973
804 707
804 717
804 767
804 799
804 803
804 812
804 894
804 902
804 966
804 982
805 701
805 708
805 727
805 758
805 799
805 806
805 814
805 834
805 906
805 979
805 1175
806 700
806 705
806 721
806 730
806 805
806 830
806 865
807 701
807 705
807 707
807 728
807 761
807 814
807 834
807 967
808 478
808 703
808 705
808 716
808 728
808 747
808 809
808 846
808 871
808 879
808 938
808 1180
809 425
809 678
809 709
809 727
809 754
809 795
809 808
809 836
809 846
809 861
809 881
809 883
809 895
809 901
809 953
810 706
810 707
810 742
810 744
810 771
810 836
811 706
811 728
811 736
811 765
811 778
811 842
811 896
811 908
811 1185
812 706
812 709
812 719
812 731
812 804
812 826
812 853
812 949
813 706
813 709
813 724
813 761
813 793
814 742
814 744
814 802
814 805
814 807
814 1190
815 708
815 728
815 731
815 738
815 759
815 816
815 820
815 876
815 882
816 707
816 708
816 749
816 766
816 815
816 931
817 110
817 594
817 700
817 706
817 768
817 777
817 798
817 842
817 867
817 1195
818 188
818 709
818 747
818 752
818 756
818 795
818 844
818 924
818 934
818 939
818 955
818 957
819 707
819 734
819 773
819 783
819 794
819 894
819 940
819 964
819 970
820 504
820 706
820 727
820 749
820 777
820 815
820 906
820 923
820 963
820 1200
821 700
821 701
821 762
821 767
821 782
822 299
822 556
822 706
822 721
822 743
822 747
822 748
822 825
822 890
822 906
823 709
823 714
823 718
823 729
823 788
823 883
823 942
823 1205
824 710
824 726
824 747
824 752
824 774
824 832
824 922
825 124
825 712
825 760
825 766
825 779
825 822
825 849
826 709
826 745
826 770
826 799
826 812
826 1210
827 713
827 714
827 724
827 731
827 750
827 881
828 601
828 705
828 708
828 754
828 782
828 785
828 832
828 857
828 896
828 941
829 702
829 713
829 767
829 778
829 795
829 888
829 906
829 967
829 1101
829 1215
830 707
830 734
830 739
830 780
830 806
830 874
830 904
830 991
831 132
831 707
831 708
831 728
831 771
831 795
832 701
832 727
832 764
832 824
832 828
832 1220
833 705
833 722
833 761
833 768
833 792
833 920
834 702
834 708
834 728
834 805
834 807
834 903
834 944
834 960
834 987
835 706
835 707
835 715
835 717
835 728
835 932
835 936
835 945
835 1225
836 146
836 725
836 742
836 750
836 809
836 810
836 889
836 910
836 925
836 927
836 940
836 944
836 995
837 1
837 472
837 710
837 714
837 718
837 731
837 764
837 857
838 705
838 707
838 717
838 749
838 791
838 873
838 905
838 962
838 993
838 1230
839 650
839 705
839 706
839 708
839 709
839 718
839 898
840 252
840 706
840 708
840 735
840 739
840 761
840 934
840 968
841 711
841 743
841 745
841 759
841 794
841 960
841 1235
842 412
842 710
842 724
842 729
842 811
842 817
843 706
843 708
843 710
843 726
843 752
843 888
844 229
844 706
844 753
844 772
844 797
844 818
844 945
844 1240
845 704
845 729
845 749
845 763
845 771
846 703
846 742
846 749
846 808
846 809
846 890
847 634
847 701
847 703
847 706
847 709
847 716
847 878
847 888
847 909
847 930
847 964
847 970
847 1245
848 690
848 715
848 717
848 734
848 735
848 795
848 954
849 348
849 713
849 716
849 763
849 775
849 825
849 891
849 914
850 703
850 711
850 715
850 751
850 795
850 859
850 863
850 875
850 1250
851 701
851 716
851 722
851 724
851 742
851 961
852 702
852 716
852 722
852 728
852 763
852 853
852 964
853 755
853 756
853 791
853 812
853 852
853 863
853 870
853 926
853 1255
854 491
854 711
854 744
854 756
854 771
854 776
854 981
855 705
855 707
855 726
855 732
855 735
855 871
855 914
855 971
856 700
856 705
856 718
856 778
856 797
856 895
856 1260
857 597
857 708
857 724
857 741
857 828
857 837
857 914
858 209
858 452
858 701
858 719
858 722
858 728
858 761
858 956
859 267
859 716
859 773
859 780
859 788
859 802
859 850
859 1265
860 707
860 764
860 769
860 779
860 795
860 925
860 986
861 588
861 705
861 708
861 780
861 801
861 809
862 700
862 706
862 724
862 730
862 766
862 951
862 953
862 1270
863 707
863 735
863 798
863 850
863 853
863 927
863 940
863 941
863 956
864 708
864 732
864 737
864 761
864 764
864 930
865 711
865 719
865 756
865 777
865 806
865 897
865 963
865 993
865 1275
866 24
866 138
866 710
866 711
866 761
866 769
866 801
866 882
867 720
867 728
867 736
867 792
867 817
867 913
867 928
867 951
867 985
867 998
868 700
868 707
868 716
868 736
868 771
868 875
868 919
868 956
868 968
868 969
868 976
868 1280
869 705
869 706
869 729
869 741
869 769
869 884
870 385
870 703
870 705
870 714
870 744
870 853
870 872
871 705
871 777
871 779
871 808
871 855
871 1285
872 705
872 711
872 761
872 777
872 870
872 934
872 986
873 707
873 729
873 759
873 781
873 838
873 971
874 711
874 728
874 742
874 781
874 830
874 977
874 1290
875 705
875 717
875 755
875 850
875 868
875 900
876 7
876 135
876 700
876 721
876 771
876 787
876 815
876 891
876 949
877 706
877 724
877 735
877 764
877 778
877 1295
878 704
878 706
878 724
878 762
878 847
879 732
879 750
879 759
879 780
879 808
879 893
879 935
880 334
880 519
880 708
880 717
880 733
880 751
880 768
880 899
880 992
880 1085
880 1300
881 721
881 731
881 754
881 809
881 827
881 882
881 883
881 959
881 970
881 983
881 991
882 725
882 794
882 815
882 866
882 881
882 888
882 954
883 488
883 717
883 726
883 809
883 823
883 881
883 909
883 956
883 971
883 980
883 1305
884 706
884 709
884 777
884 793
884 869
885 76
885 708
885 720
885 732
885 751
885 761
885 915
885 924
885 932
885 974
885 996
886 707
886 717
886 724
886 738
886 747
886 918
886 928
886 1310
887 701
887 721
887 742
887 756
887 778
887 932
887 943
888 753
888 829
888 843
888 847
888 882
888 929
889 694
889 709
889 711
889 718
889 722
889 836
889 893
889 913
889 1315
890 708
890 738
890 782
890 822
890 846
890 938
890 939
891 708
891 724
891 771
891 849
891 876
891 997
892 303
892 709
892 710
892 749
892 769
892 778
892 922
892 943
892 1320
893 711
893 715
893 769
893 879
893 889
894 728
894 732
894 776
894 804
894 819
894 904
895 107
895 707
895 718
895 743
895 767
895 809
895 856
895 919
895 934
895 1325
896 105
896 701
896 721
896 768
896 811
896 828
896 922
896 933
897 713
897 718
897 748
897 751
897 865
898 86
898 717
898 719
898 758
898 780
898 839
898 1330
899 708
899 714
899 741
899 771
899 880
899 901
899 902
899 928
899 965
900 615
900 707
900 719
900 739
900 758
900 875
900 917
900 936
900 963
900 986
900 994
900 995
901 154
901 756
901 761
901 767
901 809
901 899
901 1335
902 706
902 713
902 724
902 804
902 899
902 969
902 982
903 646
903 708
903 714
903 728
903 764
903 834
904 735
904 749
904 785
904 830
904 894
904 941
904 991
904 1340
905 170
905 722
905 724
905 733
905 761
905 838
905 917
906 762
906 805
906 820
906 822
906 829
907 717
907 718
907 720
907 752
907 764
907 1345
908 713
908 733
908 764
908 777
908 811
908 912
908 962
909 409
909 701
909 706
909 724
909 847
909 883
910 706
910 717
910 722
910 792
910 836
910 1350
911 713
911 717
911 720
911 730
911 733
912 57
912 705
912 714
912 774
912 780
912 908
912 923
912 934
912 999
913 221
913 708
913 735
913 772
913 867
913 889
913 919
913 978
913 998
913 1355
914 705
914 777
914 849
914 855
914 857
914 990
915 701
915 716
915 717
915 778
915 885
916 349
916 707
916 722
916 743
916 764
916 784
916 1360
917 79
917 708
917 711
917 741
917 900
917 905
917 923
917 967
918 418
918 434
918 545
918 615
918 707
918 721
918 771
918 800
918 886
918 929
918 959
919 724
919 755
919 868
919 895
919 913
919 1365
920 706
920 719
920 753
920 761
920 833
920 975
921 128
921 733
921 758
921 771
921 778
921 800
921 965
921 979
922 705
922 774
922 824
922 892
922 896
922 1370
923 789
923 795
923 820
923 912
923 917
923 955
923 996
924 707
924 726
924 753
924 780
924 818
924 885
924 944
924 946
924 947
925 701
925 706
925 732
925 836
925 860
925 984
925 1375
926 84
926 701
926 707
926 789
926 795
926 853
926 935
927 132
927 739
927 744
927 748
927 836
927 863
927 983
928 724
928 779
928 867
928 886
928 899
928 1380
929 616
929 660
929 714
929 718
929 719
929 888
929 918
929 971
930 733
930 741
930 774
930 847
930 864
931 709
931 729
931 731
931 778
931 816
931 1385
932 357
932 774
932 776
932 835
932 885
932 887
933 700
933 724
933 746
933 764
933 896
933 945
934 818
934 840
934 872
934 895
934 912
934 992
934 1390
935 684
935 706
935 741
935 745
935 879
935 926
936 705
936 707
936 764
936 835
936 900
937 706
937 708
937 717
937 724
937 793
937 974
937 1395
938 711
938 735
938 768
938 808
938 890
939 301
939 544
939 622
939 715
939 726
939 761
939 818
939 890
939 992
940 521
940 700
940 710
940 819
940 836
940 863
940 1198
941 756
941 767
941 828
941 863
941 904
942 703
942 715
942 722
942 761
942 823
943 103
943 711
943 767
943 778
943 887
943 892
944 81
944 605
944 728
944 755
944 834
944 836
944 924
944 959
944 977
944 978
944 994
944 997
945 720
945 767
945 835
945 844
945 933
946 728
946 731
946 745
946 761
946 924
946 983
946 997
947 230
947 732
947 760
947 786
947 803
947 924
947 962
948 598
948 705
948 707
948 718
948 725
948 727
948 950
948 960
948 994
949 513
949 703
949 705
949 722
949 812
949 876
949 1075
950 718
950 761
950 790
950 796
950 948
951 707
951 761
951 776
951 862
951 867
951 984
951 985
952 320
952 706
952 731
952 737
952 795
952 800
953 703
953 731
953 779
953 809
953 862
953 960
954 705
954 706
954 767
954 848
954 882
955 39
955 373
955 700
955 750
955 763
955 818
955 923
956 717
956 858
956 863
956 868
956 883
957 110
957 714
957 731
957 763
957 769
957 818
957 974
958 701
958 706
958 738
958 743
958 770
959 24
959 716
959 759
959 881
959 918
959 944
960 708
960 834
960 841
960 948
960 953
961 711
961 712
961 715
961 797
961 851
962 703
962 741
962 838
962 908
962 947
963 396
963 710
963 759
963 820
963 865
963 900
964 562
964 731
964 790
964 819
964 847
964 852
965 706
965 731
965 766
965 899
965 921
966 700
966 720
966 785
966 803
966 804
966 980
967 710
967 782
967 807
967 829
967 917
968 708
968 719
968 730
968 840
968 868
969 747
969 756
969 767
969 868
969 902
970 708
970 710
970 819
970 847
970 881
971 766
971 855
971 873
971 883
971 929
972 708
972 718
972 726
972 731
972 756
972 990
973 70
973 710
973 713
973 741
973 769
973 803
974 701
974 775
974 885
974 937
974 957
974 998
975 201
975 701
975 707
975 734
975 754
975 920
975 976
976 718
976 728
976 801
976 868
976 975
977 249
977 704
977 713
977 780
977 874
977 944
977 1101
978 708
978 711
978 757
978 913
978 944
979 345
979 701
979 729
979 734
979 805
979 921
979 993
980 703
980 712
980 765
980 883
980 966
981 706
981 709
981 716
981 729
981 766
981 854
982 715
982 731
982 758
982 804
982 902
983 292
983 742
983 751
983 881
983 927
983 946
984 390
984 722
984 744
984 757
984 925
984 951
985 710
985 730
985 766
985 867
985 951
985 999
986 64
986 755
986 767
986 860
986 872
986 900
987 713
987 732
987 752
987 777
987 834
988 323
988 705
988 706
988 747
988 750
988 760
988 999
989 711
989 742
989 750
989 751
989 752
990 696
990 705
990 732
990 740
990 914
990 972
991 726
991 743
991 830
991 881
991 904
992 696
992 716
992 763
992 880
992 934
992 939
993 333
993 714
993 721
993 838
993 865
993 979
994 716
994 756
994 900
994 944
994 948
995 738
995 777
995 794
995 836
995 900
996 666
996 708
996 711
996 718
996 885
996 923
997 770
997 777
997 891
997 944
997 946
998 725
998 779
998 867
998 913
998 974
998 1141
999 708
999 728
999 912
999 985
999 988
1000 639
1000 661
1000 700
1000 1001
1000 1003
1000 1004
1001 1000
1001 1002
1001 1004
1002 1001
1002 1003
1003 1000
1003 1002
1004 344
1004 1000
1004 1001
1005 703
1005 1006
1005 1008
1005 1009
1006 642
1006 1005
1006 1007
1006 1009
1007 1006
1007 1008
1008 1005
1008 1007
1009 115
1009 175
1009 1005
1009 1006
1010 706
1010 1011
1010 1013
1010 1014
1011 1010
1011 1012
1011 1014
1011 1148
1012 410
1012 599
1012 1011
1012 1013
1013 0
1013 1010
1013 1012
1014 1010
1014 1011
1015 709
1015 1016
1015 1018
1015 1019
1016 1015
1016 1017
1016 1019
1017 514
1017 1016
1017 1018
1018 1015
1018 1017
1019 1015
1019 1016
1020 511
1020 529
1020 712
1020 1021
1020 1023
1020 1024
1021 1020
1021 1022
1021 1024
1022 1021
1022 1023
1023 690
1023 1020
1023 1022
1024 1020
1024 1021
1025 149
1025 715
1025 1026
1025 1028
1025 1029
1026 182
1026 354
1026 1025
1026 1027
1026 1029
1027 1026
1027 1028
1028 1025
1028 1027
1029 197
1029 1025
1029 1026
1030 140
1030 718
1030 1031
1030 1033
1030 1034
1031 698
1031 1030
1031 1032
1031 1034
1032 760
1032 1031
1032 1033
1033 1030
1033 1032
1034 425
1034 1030
1034 1031
1035 721
1035 1036
1035 1038
1035 1039
1036 1035
1036 1037
1036 1039
1037 1036
1037 1038
1038 1035
1038 1037
1039 1035
1039 1036
1040 724
1040 1041
1040 1043
1040 1044
1041 1040
1041 1042
1041 1044
1042 1041
1042 1043
1043 1040
1043 1042
1044 1040
1044 1041
1045 727
1045 1046
1045 1048
1045 1049
1046 436
1046 1045
1046 1047
1046 1049
1047 658
1047 1046
1047 1048
1048 1045
1048 1047
1049 1045
1049 1046
1050 277
1050 730
1050 1051
1050 1053
1050 1054
1051 1050
1051 1052
1051 1054
1052 1051
1052 1053
1053 641
1053 1050
1053 1052
1053 1309
1054 1050
1054 1051
1054 1128
1055 57
1055 733
1055 1056
1055 1058
1055 1059
1056 1055
1056 1057
1056 1059
1057 1056
1057 1058
1058 1055
1058 1057
1059 1055
1059 1056
1060 736
1060 1061
1060 1063
1060 1064
1061 1060
1061 1062
1061 1064
1062 1061
1062 1063
1063 1060
1063 1062
1064 1060
1064 1061
1065 349
1065 739
1065 1066
1065 1068
1065 1069
1066 277
1066 1065
1066 1067
1066 1069
1067 72
1067 1066
1067 1068
1068 1065
1068 1067
1069 1065
1069 1066
1070 742
1070 1071
1070 1073
1070 1074
1071 1070
1071 1072
1071 1074
1072 1071
1072 1073
1073 1070
1073 1072
1074 1070
1074 1071
1075 745
1075 949
1075 1076
1075 1078
1075 1079
1076 1075
1076 1077
1076 1079
1077 176
1077 1076
1077 1078
1078 359
1078 1075
1078 1077
1079 1075
1079 1076
1080 748
1080 1081
1080 1083
1080 1084
1081 1080
1081 1082
1081 1084
1082 1081
1082 1083
1083 1080
1083 1082
1084 1080
1084 1081
1085 601
1085 751
1085 880
1085 1086
1085 1088
1085 1089
1086 1085
1086 1087
1086 1089
1087 397
1087 1086
1087 1088
1088 1085
1088 1087
1089 1085
1089 1086
1090 754
1090 1091
1090 1093
1090 1094
1091 168
1091 1090
1091 1092
1091 1094
1092 397
1092 411
1092 1091
1092 1093
1093 268
1093 790
1093 1090
1093 1092
1094 372
1094 1090
1094 1091
1095 216
1095 757
1095 1096
1095 1098
1095 1099
1096 1095
1096 1097
1096 1099
1097 1096
1097 1098
1098 1095
1098 1097
1099 590
1099 1095
1099 1096
1100 760
1100 1101
1100 1103
1100 1104
1101 255
1101 326
1101 829
1101 977
1101 1100
1101 1102
1101 1104
1102 26
1102 1101
1102 1103
1103 344
1103 1100
1103 1102
1104 685
1104 1100
1104 1101
1105 763
1105 1106
1105 1108
1105 1109
1106 1105
1106 1107
1106 1109
1107 492
1107 1106
1107 1108
1108 10
1108 1105
1108 1107
1109 1105
1109 1106
1110 766
1110 1111
1110 1113
1110 1114
1111 327
1111 1110
1111 1112
1111 1114
1112 1111
1112 1113
1113 187
1113 1110
1113 1112
1114 1110
1114 1111
1115 769
1115 1116
1115 1118
1115 1119
1116 1115
1116 1117
1116 1119
1117 429
1117 1116
1117 1118
1118 1115
1118 1117
1119 1115
1119 1116
1120 772
1120 1121
1120 1123
1120 1124
1121 600
1121 1120
1121 1122
1121 1124
1122 248
1122 749
1122 1121
1122 1123
1123 1120
1123 1122
1124 1120
1124 1121
1125 392
1125 775
1125 1126
1125 1128
1125 1129
1126 608
1126 1125
1126 1127
1126 1129
1127 1126
1127 1128
1128 1054
1128 1125
1128 1127
1129 73
1129 1125
1129 1126
1130 778
1130 1131
1130 1133
1130 1134
1131 1130
1131 1132
1131 1134
1132 144
1132 1131
1132 1133
1133 1130
1133 1132
1134 1130
1134 1131
1135 197
1135 781
1135 1136
1135 1138
1135 1139
1136 1135
1136 1137
1136 1139
1137 1136
1137 1138
1138 1135
1138 1137
1139 1135
1139 1136
1140 784
1140 1141
1140 1143
1140 1144
1141 464
1141 998
1141 1140
1141 1142
1141 1144
1142 1141
1142 1143
1143 259
1143 1140
1143 1142
1144 534
1144 1140
1144 1141
1145 787
1145 1146
1145 1148
1145 1149
1146 1145
1146 1147
1146 1149
1147 1146
1147 1148
1148 1011
1148 1145
1148 1147
1149 1145
1149 1146
1150 232
1150 292
1150 790
1150 1151
1150 1153
1150 1154
1151 644
1151 1150
1151 1152
1151 1154
1152 163
1152 1151
1152 1153
1153 492
1153 1150
1153 1152
1154 601
1154 1150
1154 1151
1155 481
1155 793
1155 1156
1155 1158
1155 1159
1156 1155
1156 1157
1156 1159
1157 1156
1157 1158
1158 138
1158 1155
1158 1157
1159 373
1159 1155
1159 1156
1160 653
1160 796
1160 1161
1160 1163
1160 1164
1161 112
1161 1160
1161 1162
1161 1164
1162 203
1162 353
1162 1161
1162 1163
1163 1160
1163 1162
1164 1160
1164 1161
1165 799
1165 1166
1165 1168
1165 1169
1166 665
1166 1165
1166 1167
1166 1169
1167 218
1167 1166
1167 1168
1168 285
1168 1165
1168 1167
1169 127
1169 1165
1169 1166
1170 488
1170 802
1170 1171
1170 1173
1170 1174
1171 1170
1171 1172
1171 1174
1172 1171
1172 1173
1173 1170
1173 1172
1174 1170
1174 1171
1175 648
1175 670
1175 805
1175 1176
1175 1178
1175 1179
1176 501
1176 1175
1176 1177
1176 1179
1177 1176
1177 1178
1178 1175
1178 1177
1179 433
1179 1175
1179 1176
1180 808
1180 1181
1180 1183
1180 1184
1181 341
1181 1180
1181 1182
1181 1184
1182 1181
1182 1183
1183 177
1183 670
1183 1180
1183 1182
1183 1330
1184 187
1184 219
1184 1180
1184 1181
1185 811
1185 1186
1185 1188
1185 1189
1186 1185
1186 1187
1186 1189
1187 1186
1187 1188
1188 1185
1188 1187
1189 1185
1189 1186
1190 255
1190 814
1190 1191
1190 1193
1190 1194
1191 1190
1191 1192
1191 1194
1192 500
1192 1191
1192 1193
1193 1190
1193 1192
1194 637
1194 1190
1194 1191
1195 80
1195 817
1195 1196
1195 1198
1195 1199
1196 1195
1196 1197
1196 1199
1197 464
1197 1196
1197 1198
1198 512
1198 940
1198 1195
1198 1197
1199 449
1199 1195
1199 1196
1200 820
1200 1201
1200 1203
1200 1204
1201 1200
1201 1202
1201 1204
1202 1201
1202 1203
1203 1200
1203 1202
1204 346
1204 1200
1204 1201
1205 473
1205 548
1205 823
1205 1206
1205 1208
1205 1209
1206 1205
1206 1207
1206 1209
1207 45
1207 1206
1207 1208
1208 1205
1208 1207
1209 327
1209 1205
1209 1206
1210 826
1210 1211
1210 1213
1210 1214
1211 1210
1211 1212
1211 1214
1212 1211
1212 1213
1213 1210
1213 1212
1214 1210
1214 1211
1215 319
1215 829
1215 1216
1215 1218
1215 1219
1216 1215
1216 1217
1216 1219
1217 1216
1217 1218
1218 102
1218 1215
1218 1217
1219 1215
1219 1216
1220 832
1220 1221
1220 1223
1220 1224
1221 1220
1221 1222
1221 1224
1222 1221
1222 1223
1223 1220
1223 1222
1224 597
1224 1220
1224 1221
1225 465
1225 835
1225 1226
1225 1228
1225 1229
1226 1225
1226 1227
1226 1229
1227 601
1227 1226
1227 1228
1228 1225
1228 1227
1229 1225
1229 1226
1230 838
1230 1231
1230 1233
1230 1234
1231 630
1231 1230
1231 1232
1231 1234
1232 1231
1232 1233
1233 566
1233 1230
1233 1232
1234 601
1234 1230
1234 1231
1235 841
1235 1236
1235 1238
1235 1239
1236 1235
1236 1237
1236 1239
1237 64
1237 1236
1237 1238
1238 1235
1238 1237
1239 484
1239 1235
1239 1236
1240 55
1240 844
1240 1241
1240 1243
1240 1244
1241 0
1241 1240
1241 1242
1241 1244
1242 278
1242 1241
1242 1243
1243 1240
1243 1242
1244 1240
1244 1241
1245 267
1245 847
1245 1246
1245 1248
1245 1249
1246 1245
1246 1247
1246 1249
1247 513
1247 1246
1247 1248
1248 96
1248 1245
1248 1247
1249 43
1249 277
1249 543
1249 1245
1249 1246
1250 850
1250 1251
1250 1253
1250 1254
1251 378
1251 1250
1251 1252
1251 1254
1252 47
1252 500
1252 1251
1252 1253
1253 602
1253 1250
1253 1252
1254 428
1254 1250
1254 1251
1255 87
1255 532
1255 853
1255 1256
1255 1258
1255 1259
1256 1255
1256 1257
1256 1259
1257 199
1257 1256
1257 1258
1258 1255
1258 1257
1259 1255
1259 1256
1260 173
1260 856
1260 1261
1260 1263
1260 1264
1261 1260
1261 1262
1261 1264
1262 1261
1262 1263
1263 1260
1263 1262
1264 1260
1264 1261
1265 230
1265 859
1265 1266
1265 1268
1265 1269
1266 11
1266 193
1266 1265
1266 1267
1266 1269
1267 433
1267 1266
1267 1268
1268 1265
1268 1267
1269 1265
1269 1266
1270 285
1270 300
1270 862
1270 1271
1270 1273
1270 1274
1271 137
1271 1270
1271 1272
1271 1274
1272 103
1272 1271
1272 1273
1273 1270
1273 1272
1274 54
1274 1270
1274 1271
1275 462
1275 865
1275 1276
1275 1278
1275 1279
1276 451
1276 1275
1276 1277
1276 1279
1277 1276
1277 1278
1278 557
1278 1275
1278 1277
1279 1275
1279 1276
1280 447
1280 868
1280 1281
1280 1283
1280 1284
1281 1280
1281 1282
1281 1284
1282 1281
1282 1283
1283 1280
1283 1282
1284 210
1284 1280
1284 1281
1285 479
1285 871
1285 1286
1285 1288
1285 1289
1286 1285
1286 1287
1286 1289
1287 324
1287 632
1287 1286
1287 1288
1288 683
1288 1285
1288 1287
1289 1285
1289 1286
1290 396
1290 874
1290 1291
1290 1293
1290 1294
1291 1290
1291 1292
1291 1294
1292 202
1292 254
1292 550
1292 1291
1292 1293
1292 1312
1293 1290
1293 1292
1294 293
1294 1290
1294 1291
1295 877
1295 1296
1295 1298
1295 1299
1296 242
1296 1295
1296 1297
1296 1299
1297 568
1297 1296
1297 1298
1298 1295
1298 1297
1299 40
1299 405
1299 470
1299 704
1299 1295
1299 1296
1300 880
1300 1301
1300 1303
1300 1304
1301 477
1301 1300
1301 1302
1301 1304
1302 1301
1302 1303
1303 1300
1303 1302
1304 395
1304 1300
1304 1301
1305 547
1305 883
1305 1306
1305 1308
1305 1309
1306 430
1306 1305
1306 1307
1306 1309
1307 1306
1307 1308
1308 1305
1308 1307
1309 1053
1309 1305
1309 1306
1310 886
1310 1311
1310 1313
1310 1314
1311 1310
1311 1312
1311 1314
1312 1292
1312 1311
1312 1313
1313 1310
1313 1312
1314 1310
1314 1311
1315 357
1315 626
1315 889
1315 1316
1315 1318
1315 1319
1316 1315
1316 1317
1316 1319
1317 66
1317 1316
1317 1318
1318 1315
1318 1317
1319 1315
1319 1316
1320 566
1320 593
1320 892
1320 1321
1320 1323
1320 1324
1321 84
1321 1320
1321 1322
1321 1324
1322 455
1322 1321
1322 1323
1323 1320
1323 1322
1324 1320
1324 1321
1325 895
1325 1326
1325 1328
1325 1329
1326 1325
1326 1327
1326 1329
1327 1326
1327 1328
1328 43
1328 1325
1328 1327
1329 483
1329 1325
1329 1326
1330 898
1330 1183
1330 1331
1330 1333
1330 1334
1331 157
1331 1330
1331 1332
1331 1334
1332 1331
1332 1333
1333 1330
1333 1332
1334 346
1334 1330
1334 1331
1335 901
1335 1336
1335 1338
1335 1339
1336 1335
1336 1337
1336 1339
1337 1336
1337 1338
1338 1335
1338 1337
1339 47
1339 381
1339 1335
1339 1336
1340 904
1340 1341
1340 1343
1340 1344
1341 1340
1341 1342
1341 1344
1342 1341
1342 1343
1343 320
1343 1340
1343 1342
1344 70
1344 1340
1344 1341
1345 41
1345 261
1345 907
1345 1346
1345 1348
1345 1349
1346 358
1346 1345
1346 1347
1346 1349
1347 1346
1347 1348
1348 33
1348 584
1348 1345
1348 1347
1349 178
1349 1345
1349 1346
1350 910
1350 1351
1350 1353
1350 1354
1351 1350
1351 1352
1351 1354
1352 1351
1352 1353
1353 1350
1353 1352
1354 1350
1354 1351
1355 13
1355 262
1355 498
1355 913
1355 1356
1355 1358
1355 1359
1356 1355
1356 1357
1356 1359
1357 389
1357 680
1357 1356
1357 1358
1358 1355
1358 1357
1359 770
1359 1355
1359 1356
1360 916
1360 1361
1360 1363
1360 1364
1361 1360
1361 1362
1361 1364
1362 487
1362 1361
1362 1363
1363 475
1363 596
1363 1360
1363 1362
1364 198
1364 1360
1364 1361
1365 523
1365 661
1365 919
1365 1366
1365 1368
1365 1369
1366 1365
1366 1367
1366 1369
1367 209
1367 1366
1367 1368
1368 217
1368 323
1368 1365
1368 1367
1369 1365
1369 1366
1370 922
1370 1371
1370 1373
1370 1374
1371 1370
1371 1372
1371 1374
1372 1371
1372 1373
1373 1370
1373 1372
1374 1370
1374 1371
1375 130
1375 329
1375 925
1375 1376
1375 1378
1375 1379
1376 1375
1376 1377
1376 1379
1377 1376
1377 1378
1378 662
1378 1375
1378 1377
1379 1375
1379 1376
1380 412
1380 928
1380 1381
1380 1383
1380 1384
1381 1380
1381 1382
1381 1384
1382 623
1382 1381
1382 1383
1383 665
1383 692
1383 1380
1383 1382
1384 208
1384 1380
1384 1381
1385 931
1385 1386
1385 1388
1385 1389
1386 1385
1386 1387
1386 1389
1387 272
1387 1386
1387 1388
1388 1385
1388 1387
1389 1385
1389 1386
1390 314
1390 686
1390 934
1390 1391
1390 1393
1390 1394
1391 1390
1391 1392
1391 1394
1392 182
1392 1391
1392 1393
1393 1390
1393 1392
1394 1390
1394 1391
1395 937
1395 1396
1395 1398
1395 1399
1396 1395
1396 1397
1396 1399
1397 1396
1397 1398
1398 127
1398 1395
1398 1397
1399 685
1399 1395
1399 1396