3 0
0 3
4 0
0 4
5 1
1 5
6 1
1 6
8 2
2 8
9 2
2 9
13 3
3 13
14 3
3 14
14 4
4 14
15 4
4 15
20 5
5 20
19 5
5 19
20 6
6 20
21 6
6 21
22 7
7 22
23 7
7 23
24 8
8 24
25 8
8 25
25 9
9 25
26 9
9 26
32 10
10 32
33 10
10 33
37 11
11 37
38 11
11 38
41 12
12 41
42 12
12 42
44 13
13 44
45 14
14 45
44 14
14 44
45 15
15 45
39 16
16 39
47 16
16 47
51 17
17 51
50 17
17 50
56 18
18 56
57 18
18 57
58 19
19 58
58 20
20 58
59 20
20 59
59 21
21 59
62 22
22 62
63 22
22 63
63 23
23 63
64 23
23 64
65 24
24 65
65 25
25 65
66 25
25 66
66 26
26 66
70 27
27 70
35 27
27 35
34 28
28 34
73 29
29 73
10 29
29 10
76 30
30 76
75 30
30 75
77 31
31 77
78 32
32 78
77 32
32 77
78 33
33 78
80 34
34 80
81 35
35 81
79 35
35 79
82 36
36 82
83 36
36 83
91 37
37 91
90 37
37 90
92 38
38 92
91 38
38 91
105 39
39 105
108 40
40 108
109 40
40 109
114 41
41 114
113 41
41 113
115 42
42 115
114 42
42 114
116 43
43 116
117 43
43 117
122 44
44 122
122 45
45 122
131 46
46 131
132 46
46 132
105 47
47 105
104 47
47 104
134 48
48 134
16 48
48 16
104 49
49 104
139 50
50 139
138 50
50 138
140 51
51 140
139 51
51 139
143 52
52 143
142 52
52 142
18 53
53 18
144 53
53 144
137 54
54 137
136 54
54 136
127 55
55 127
136 55
55 136
147 56
56 147
148 56
56 148
148 57
57 148
149 58
58 149
149 59
59 149
151 60
60 151
150 61
61 150
152 61
61 152
158 62
62 158
158 63
63 158
159 63
63 159
159 64
64 159
160 65
65 160
160 66
66 160
165 67
67 165
164 68
68 164
166 68
68 166
169 69
69 169
28 70
70 28
171 70
70 171
79 70
70 79
108 72
72 108
173 72
72 173
31 73
73 31
32 73
73 32
175 73
73 175
176 74
74 176
177 74
74 177
179 75
75 179
178 75
75 178
179 76
76 179
180 76
76 180
181 77
77 181
181 78
78 181
34 79
79 34
182 79
79 182
182 81
81 182
186 82
82 186
185 82
82 185
187 83
83 187
186 83
83 186
188 84
84 188
189 84
84 189
129 85
85 129
129 86
86 129
128 86
86 128
128 87
87 128
52 88
88 52
192 88
88 192
194 89
89 194
193 89
89 193
195 90
90 195
195 91
91 195
196 91
91 196
196 92
92 196
199 93
93 199
200 93
93 200
201 94
94 201
201 95
95 201
202 96
96 202
202 97
97 202
203 98
98 203
203 99
99 203
204 100
100 204
204 101
101 204
205 102
102 205
206 103
103 206
207 104
104 207
207 105
105 207
208 106
106 208
208 107
107 208
212 108
108 212
213 108
108 213
214 109
109 214
213 109
109 213
217 110
110 217
216 110
110 216
181 111
111 181
218 111
111 218
218 112
112 218
219 113
113 219
219 114
114 219
220 114
114 220
220 115
115 220
221 116
116 221
222 116
116 222
223 117
117 223
222 117
117 222
224 118
118 224
224 119
119 224
225 120
120 225
71 120
120 71
225 121
121 225
226 123
123 226
226 124
124 226
227 125
125 227
80 125
125 80
227 126
126 227
228 127
127 228
235 128
128 235
235 129
129 235
240 130
130 240
239 130
130 239
145 131
131 145
241 131
131 241
241 132
132 241
242 132
132 242
161 133
133 161
49 134
134 49
47 134
134 47
161 135
135 161
228 136
136 228
247 136
136 247
247 137
137 247
248 138
138 248
248 139
139 248
249 139
139 249
249 140
140 249
253 141
141 253
253 142
142 253
254 142
142 254
254 143
143 254
257 144
144 257
56 144
144 56
258 145
145 258
259 146
146 259
54 146
146 54
55 146
146 55
260 147
147 260
260 148
148 260
60 150
150 60
265 150
150 265
266 151
151 266
267 152
152 267
265 152
152 265
270 153
153 270
273 154
154 273
206 154
154 206
274 155
155 274
273 155
155 273
275 156
156 275
276 157
157 276
284 158
158 284
284 159
159 284
297 162
162 297
272 162
162 272
297 163
163 297
67 164
164 67
298 164
164 298
299 165
165 299
298 166
166 298
300 166
166 300
210 167
167 210
302 167
167 302
303 168
168 303
211 168
168 211
71 169
169 71
69 170
170 69
304 170
170 304
71 171
171 71
308 172
172 308
307 172
172 307
259 173
173 259
310 174
174 310
72 174
174 72
315 175
175 315
314 175
175 314
316 176
176 316
317 176
176 317
317 177
177 317
318 177
177 318
321 178
178 321
322 179
179 322
321 179
179 321
322 180
180 322
323 181
181 323
80 182
182 80
325 183
183 325
326 183
183 326
328 184
184 328
329 184
184 329
331 185
185 331
332 186
186 332
331 186
186 331
332 187
187 332
333 188
188 333
334 188
188 334
334 189
189 334
335 189
189 335
86 190
190 86
85 190
190 85
87 191
191 87
86 191
191 86
142 192
192 142
141 192
192 141
337 193
193 337
338 193
193 338
338 194
194 338
339 194
194 339
346 195
195 346
346 196
196 346
352 197
197 352
353 198
198 353
146 198
198 146
360 199
199 360
362 199
199 362
362 200
200 362
363 200
200 363
373 201
201 373
299 201
201 299
373 202
202 373
374 203
203 374
374 204
204 374
375 205
205 375
142 205
205 142
375 206
206 375
376 208
208 376
378 209
209 378
377 209
209 377
380 210
210 380
168 210
210 168
272 211
211 272
381 212
212 381
381 213
213 381
382 213
213 382
382 214
214 382
384 215
215 384
264 215
215 264
385 216
216 385
386 216
216 386
386 217
217 386
387 217
217 387
388 218
218 388
389 219
219 389
389 220
220 389
390 221
221 390
390 222
222 390
391 222
222 391
391 223
223 391
392 224
224 392
392 225
225 392
393 226
226 393
122 226
226 122
393 227
227 393
394 228
228 394
395 229
229 395
395 230
230 395
335 231
231 335
398 231
231 398
398 232
232 398
399 233
233 399
289 233
233 289
280 233
233 280
399 234
234 399
400 236
236 400
400 237
237 400
401 238
238 401
402 239
239 402
403 239
239 403
403 240
240 403
404 240
240 404
258 241
241 258
405 241
241 405
405 242
242 405
408 243
243 408
407 243
243 407
133 244
244 133
135 245
245 135
133 245
245 133
226 246
246 226
134 246
246 134
135 246
246 135
394 247
247 394
413 247
247 413
417 248
248 417
417 249
249 417
416 250
250 416
418 250
250 418
419 251
251 419
184 252
252 184
423 252
252 423
424 253
253 424
424 254
254 424
425 255
255 425
425 256
256 425
147 257
257 147
430 258
258 430
435 261
261 435
436 262
262 436
149 262
262 149
436 263
263 436
437 264
264 437
438 264
264 438
439 265
265 439
151 265
265 151
439 267
267 439
323 268
268 323
440 268
268 440
440 269
269 440
429 270
270 429
443 271
271 443
157 273
273 157
446 273
273 446
446 274
274 446
156 274
274 156
371 275
275 371
371 276
276 371
451 277
277 451
452 278
278 452
453 278
278 453
454 279
279 454
455 281
281 455
457 282
282 457
457 283
283 457
458 285
285 458
458 286
286 458
266 287
287 266
459 287
287 459
459 288
288 459
460 289
289 460
460 290
290 460
160 291
291 160
461 291
291 461
461 292
292 461
462 293
293 462
462 294
294 462
463 295
295 463
463 296
296 463
161 297
297 161
376 297
297 376
165 298
298 165
474 298
298 474
474 300
300 474
379 301
301 379
476 302
302 476
168 302
302 168
272 303
303 272
169 304
304 169
171 304
304 171
477 305
305 477
170 305
305 170
171 306
306 171
478 307
307 478
479 307
307 479
480 308
308 480
479 308
308 479
485 309
309 485
484 309
309 484
431 310
310 431
173 310
310 173
174 311
311 174
486 311
311 486
449 312
312 449
448 312
312 448
448 313
313 448
447 313
313 447
488 314
314 488
490 314
314 490
490 315
315 490
491 315
315 491
493 316
316 493
493 317
317 493
494 317
317 494
494 318
318 494
496 319
319 496
496 320
320 496
497 321
321 497
497 322
322 497
182 323
323 182
501 323
323 501
501 324
324 501
502 325
325 502
503 325
325 503
503 326
326 503
504 326
326 504
505 327
327 505
506 328
328 506
505 328
328 505
506 329
329 506
507 330
330 507
508 331
331 508
508 332
332 508
509 333
333 509
510 334
334 510
509 334
334 509
510 335
335 510
191 336
336 191
190 336
336 190
512 336
336 512
513 337
337 513
192 338
338 192
513 338
338 513
514 338
338 514
514 339
339 514
452 339
339 452
516 340
340 516
516 341
341 516
517 342
342 517
517 343
343 517
518 344
344 518
518 345
345 518
519 347
347 519
520 348
348 520
520 349
349 520
259 350
350 259
521 350
350 521
521 351
351 521
523 352
352 523
523 353
353 523
524 354
354 524
524 355
355 524
525 356
356 525
525 357
357 525
526 358
358 526
417 358
358 417
526 359
359 526
527 360
360 527
205 361
361 205
527 362
362 527
528 362
362 528
528 363
363 528
529 364
364 529
534 366
366 534
271 366
366 271
522 367
367 522
538 368
368 538
539 369
369 539
540 370
370 540
542 372
372 542
543 373
373 543
422 373
373 422
543 374
374 543
544 375
375 544
207 375
375 207
544 376
376 544
546 377
377 546
545 377
377 545
546 378
378 546
547 378
378 547
549 379
379 549
211 380
380 211
550 381
381 550
550 382
382 550
540 383
383 540
553 384
384 553
438 384
384 438
554 385
385 554
555 386
386 555
554 386
386 554
555 387
387 555
557 388
388 557
558 390
390 558
558 391
391 558
559 392
392 559
560 393
393 560
562 395
395 562
564 396
396 564
547 397
397 547
566 398
398 566
566 399
399 566
235 400
400 235
567 400
400 567
567 401
401 567
573 402
402 573
574 403
403 574
573 403
403 573
574 404
404 574
577 405
405 577
481 405
405 481
430 405
405 430
577 406
406 577
578 406
406 578
579 407
407 579
277 407
407 277
580 408
408 580
579 408
408 579
581 409
409 581
582 410
410 582
435 410
410 435
245 411
411 245
244 411
411 244
262 411
411 262
245 412
412 245
246 412
412 246
584 413
413 584
584 414
414 584
585 415
415 585
409 416
416 409
586 416
416 586
586 418
418 586
587 418
418 587
397 419
419 397
589 420
420 589
251 420
420 251
397 421
421 397
592 422
422 592
596 423
423 596
327 423
423 327
328 423
423 328
429 425
425 429
601 427
427 601
257 427
427 257
601 428
428 601
602 429
429 602
259 431
431 259
607 432
432 607
607 433
433 607
608 434
434 608
609 435
435 609
260 435
435 260
609 436
436 609
610 437
437 610
611 438
438 611
610 438
438 610
613 439
439 613
266 439
439 266
614 440
440 614
564 441
441 564
270 442
442 270
557 442
442 557
466 443
443 466
618 443
443 618
522 443
443 522
272 444
444 272
618 444
444 618
618 445
445 618
275 446
446 275
619 446
446 619
276 446
446 276
619 447
447 619
573 447
447 573
619 448
448 619
620 448
448 620
620 449
449 620
622 450
450 622
621 450
450 621
627 451
451 627
628 452
452 628
279 452
452 279
628 453
453 628
281 453
453 281
280 454
454 280
280 455
455 280
634 456
456 634
499 456
456 499
635 457
457 635
284 458
458 284
644 458
458 644
644 459
459 644
645 460
460 645
645 461
461 645
646 462
462 646
646 463
463 646
352 464
464 352
647 464
464 647
648 465
465 648
647 465
465 647
649 466
466 649
650 468
468 650
651 469
469 651
653 470
470 653
653 471
471 653
654 472
472 654
533 473
473 533
297 473
473 297
658 474
474 658
299 474
474 299
409 475
475 409
301 475
475 301
548 475
475 548
303 476
476 303
306 477
477 306
304 477
477 304
660 478
478 660
661 479
479 661
660 479
479 660
661 480
480 661
662 481
481 662
663 481
481 663
664 482
482 664
515 482
482 515
665 483
483 665
668 484
484 668
669 484
484 669
669 485
485 669
670 485
485 670
671 486
486 671
310 486
486 310
605 486
486 605
365 487
487 365
608 487
487 608
669 488
488 669
673 488
488 673
313 489
489 313
312 489
489 312
674 490
490 674
673 490
490 673
674 491
491 674
675 492
492 675
541 492
492 541
681 493
493 681
681 494
494 681
538 495
495 538
681 495
495 681
682 496
496 682
690 499
499 690
695 500
500 695
691 500
500 691
696 501
501 696
702 502
502 702
703 503
503 703
702 503
503 702
703 504
504 703
704 505
505 704
704 506
506 704
635 507
507 635
711 509
509 711
711 510
510 711
523 511
511 523
716 512
512 716
353 512
512 353
718 513
513 718
718 514
514 718
718 515
515 718
401 515
515 401
712 516
516 712
726 516
516 726
727 517
517 727
727 518
518 727
388 519
519 388
346 519
519 346
729 520
520 729
729 521
521 729
447 523
523 447
557 523
523 557
730 523
523 730
730 524
524 730
730 525
525 730
731 526
526 731
732 527
527 732
361 527
527 361
732 528
528 732
655 529
529 655
733 530
530 733
364 530
530 364
655 531
531 655
365 532
532 365
365 533
533 365
367 534
534 367
443 534
534 443
737 535
535 737
366 535
535 366
737 536
536 737
507 536
536 507
367 537
537 367
738 538
538 738
739 539
539 739
739 540
540 739
740 541
541 740
371 542
542 371
731 542
542 731
742 543
543 742
467 543
543 467
742 544
544 742
743 545
545 743
744 546
546 744
743 546
546 743
744 547
547 744
746 548
548 746
379 548
548 379
380 549
549 380
747 551
551 747
383 551
551 383
747 552
552 747
749 553
553 749
611 553
553 611
750 554
554 750
750 555
555 750
751 556
556 751
389 557
557 389
752 557
557 752
753 559
559 753
754 560
560 754
394 560
560 394
756 561
561 756
755 561
561 755
556 562
562 556
757 563
563 757
763 564
564 763
764 565
565 764
765 565
565 765
397 566
566 397
767 566
566 767
767 567
567 767
768 568
568 768
769 569
569 769
770 570
570 770
771 571
571 771
771 572
572 771
773 573
573 773
773 574
574 773
774 575
575 774
588 575
575 588
774 576
576 774
775 577
577 775
776 577
577 776
776 578
578 776
777 578
578 777
451 579
579 451
778 579
579 778
424 580
580 424
778 580
580 778
780 581
581 780
588 581
581 588
415 582
582 415
781 582
582 781
411 583
583 411
412 583
583 412
782 584
584 782
491 584
584 491
763 584
584 763
782 585
585 782
581 586
586 581
783 586
586 783
417 587
587 417
783 587
587 783
419 589
589 419
421 589
589 421
784 590
590 784
420 590
590 420
421 591
591 421
426 592
592 426
422 593
593 422
785 593
593 785
426 594
594 426
595 594
594 595
788 595
595 788
767 595
595 767
788 596
596 788
789 597
597 789
789 598
598 789
790 599
599 790
424 599
599 424
790 600
600 790
426 601
601 426
792 601
601 792
425 601
601 425
751 602
602 751
794 603
603 794
430 603
603 430
794 604
604 794
431 605
605 431
798 606
606 798
801 607
607 801
801 608
608 801
802 609
609 802
803 610
610 803
803 611
611 803
511 612
612 511
511 613
613 511
526 613
613 526
560 614
614 560
441 615
615 441
808 615
615 808
808 616
616 808
442 617
617 442
807 617
617 807
809 617
617 809
810 618
618 810
811 619
619 811
811 620
620 811
569 621
621 569
815 621
621 815
570 622
622 570
815 622
622 815
816 623
623 816
456 623
623 456
824 625
625 824
826 626
626 826
455 628
628 455
454 628
628 454
829 629
629 829
825 629
629 825
830 630
630 830
830 631
631 830
832 632
632 832
817 634
634 817
690 634
634 690
835 635
635 835
837 636
636 837
837 637
637 837
838 638
638 838
838 639
639 838
839 640
640 839
839 641
641 839
840 642
642 840
840 643
643 840
717 644
644 717
841 644
644 841
556 645
645 556
841 646
646 841
468 647
647 468
842 647
647 842
842 648
648 842
466 648
648 466
467 649
649 467
467 650
650 467
738 651
651 738
845 652
652 845
846 653
653 846
846 654
654 846
848 656
656 848
847 656
656 847
736 657
657 736
849 657
657 849
473 657
657 473
850 658
658 850
851 658
658 851
476 659
659 476
475 659
659 475
745 659
659 745
477 660
660 477
852 660
660 852
852 661
661 852
483 662
662 483
853 662
662 853
482 663
663 482
853 663
663 853
498 664
664 498
498 665
665 498
657 666
666 657
854 666
666 854
532 667
667 532
855 668
668 855
855 669
669 855
856 669
669 856
856 670
670 856
857 671
671 857
487 671
671 487
857 672
672 857
489 673
673 489
858 673
673 858
858 674
674 858
859 675
675 859
740 675
675 740
860 676
676 860
492 676
676 492
820 677
677 820
819 677
677 819
818 678
678 818
819 678
678 819
862 679
679 862
831 679
679 831
833 680
680 833
863 681
681 863
497 682
682 497
795 682
682 795
863 683
683 863
498 683
683 498
863 684
684 863
864 685
685 864
864 686
686 864
865 687
687 865
865 688
688 865
726 689
689 726
624 690
690 624
868 691
691 868
867 691
691 867
869 692
692 869
870 693
693 870
549 693
693 549
870 694
694 870
867 695
695 867
568 695
695 568
559 696
696 559
871 697
697 871
872 698
698 872
872 699
699 872
873 700
700 873
558 700
700 558
624 701
701 624
873 701
701 873
874 702
702 874
874 703
703 874
875 705
705 875
539 705
705 539
875 706
706 875
876 707
707 876
507 707
707 507
508 707
707 508
876 708
708 876
877 709
709 877
877 710
710 877
878 712
712 878
878 713
713 878
879 714
714 879
511 714
714 511
879 715
715 879
563 716
716 563
880 716
716 880
880 717
717 880
881 719
719 881
881 720
720 881
882 721
721 882
882 722
722 882
883 723
723 883
883 724
724 883
885 725
725 885
886 726
726 886
886 727
727 886
519 728
728 519
887 729
729 887
522 729
729 522
888 730
730 888
888 731
731 888
531 733
733 531
529 733
733 529
889 734
734 889
530 734
734 530
531 735
735 531
533 736
736 533
532 736
736 532
890 736
736 890
534 737
737 534
890 737
737 890
537 737
737 537
890 738
738 890
890 739
739 890
891 740
740 891
876 741
741 876
542 741
741 542
891 741
741 891
893 742
742 893
894 743
743 894
610 743
743 610
894 744
744 894
895 745
745 895
548 745
745 548
549 746
746 549
550 747
747 550
896 747
747 896
869 748
748 869
896 748
748 896
875 749
749 875
899 751
751 899
899 752
752 899
558 753
753 558
900 753
753 900
900 754
754 900
901 755
755 901
902 755
755 902
902 756
756 902
903 756
756 903
562 757
757 562
906 758
758 906
906 759
759 906
907 760
760 907
907 761
761 907
633 762
762 633
893 762
762 893
908 763
763 908
909 764
764 909
904 764
764 904
910 765
765 910
909 765
765 909
912 766
766 912
913 767
767 913
914 768
768 914
915 769
769 915
915 770
770 915
916 771
771 916
752 772
772 752
918 774
774 918
922 775
775 922
923 776
776 923
922 776
776 922
923 777
777 923
627 778
778 627
924 779
779 924
658 779
779 658
582 780
780 582
927 780
780 927
583 781
781 583
585 781
781 585
928 781
781 928
929 783
783 929
588 783
783 588
589 784
784 589
591 784
784 591
592 785
785 592
594 785
785 594
931 786
786 931
593 786
786 593
594 787
787 594
932 788
788 932
852 789
789 852
933 789
789 933
933 790
790 933
935 791
791 935
934 791
791 934
602 792
792 602
938 793
793 938
939 794
794 939
754 795
795 754
942 796
796 942
605 796
796 605
942 797
797 942
943 798
798 943
606 799
799 606
944 799
799 944
943 800
800 943
947 801
801 947
753 802
802 753
612 804
804 612
612 805
805 612
613 805
805 613
613 806
806 613
689 806
806 689
953 807
807 953
952 807
807 952
954 808
808 954
614 808
808 614
954 809
809 954
953 809
809 953
887 810
810 887
955 812
812 955
956 813
813 956
957 814
814 957
770 815
815 770
769 815
815 769
634 816
816 634
959 816
816 959
624 817
817 624
960 818
818 960
960 819
819 960
961 819
819 961
961 820
820 961
962 821
821 962
962 822
822 962
963 823
823 963
932 824
824 932
966 825
825 966
626 825
825 626
967 826
826 967
627 827
827 627
654 827
827 654
967 828
828 967
689 828
828 689
628 829
829 628
968 829
829 968
966 829
829 966
948 830
830 948
632 831
831 632
970 831
831 970
633 832
832 633
633 833
833 633
971 834
834 971
969 834
834 969
634 834
834 634
762 835
835 762
974 836
836 974
975 837
837 975
868 837
837 868
975 838
838 975
976 839
839 976
976 840
840 976
645 841
841 645
977 841
841 977
650 842
842 650
649 842
842 649
652 843
843 652
983 843
843 983
651 844
844 651
984 845
845 984
655 846
846 655
985 846
846 985
986 847
847 986
987 847
847 987
988 848
848 988
987 848
848 987
989 849
849 989
990 850
850 990
989 850
850 989
659 851
851 659
990 851
851 990
664 853
853 664
665 853
853 665
995 853
853 995
667 854
854 667
736 854
854 736
995 854
854 995
995 855
855 995
995 856
856 995
972 857
857 972
996 857
857 996
891 859
859 891
944 859
859 944
675 860
860 675
999 860
860 999
677 861
861 677
678 861
861 678
680 862
862 680
1005 862
862 1005
970 862
862 970
1007 863
863 1007
682 863
863 682
1007 864
864 1007
1007 865
865 1007
689 866
866 689
690 866
866 690
1008 867
867 1008
768 867
867 768
1008 868
868 1008
1009 869
869 1009
1009 870
870 1009
696 871
871 696
695 871
871 695
1011 872
872 1011
1011 873
873 1011
1012 875
875 1012
704 875
875 704
1012 876
876 1012
1013 877
877 1013
711 878
878 711
1014 878
878 1014
1014 879
879 1014
1015 880
880 1015
718 881
881 718
1016 881
881 1016
1016 882
882 1016
1013 883
883 1013
1018 884
884 1018
725 884
884 725
1019 885
885 1019
1020 886
886 1020
728 886
886 728
1020 887
887 1020
1021 888
888 1021
732 888
888 732
733 889
889 733
735 889
889 735
1022 890
890 1022
1023 892
892 1023
1023 893
893 1023
746 895
895 746
772 896
896 772
749 897
897 749
750 897
897 750
1024 897
897 1024
1024 898
898 1024
915 899
899 915
1025 899
899 1025
1025 900
900 1025
1026 901
901 1026
1027 902
902 1027
1026 902
902 1026
1027 903
903 1027
1028 904
904 1028
757 905
905 757
1029 906
906 1029
1029 907
907 1029
762 908
908 762
1028 909
909 1028
1030 909
909 1030
1030 910
910 1030
1032 911
911 1032
766 911
911 766
1033 912
912 1033
892 913
913 892
1034 913
913 1034
1036 915
915 1036
772 916
916 772
773 916
916 773
1037 917
917 1037
985 918
918 985
1039 919
919 1039
1039 920
920 1039
1040 921
921 1040
1041 922
922 1041
1041 923
923 1041
849 924
924 849
850 924
924 850
778 924
924 778
1042 925
925 1042
1042 926
926 1042
1043 927
927 1043
781 927
927 781
782 928
928 782
1044 929
929 1044
784 929
929 784
1044 930
930 1044
785 931
931 785
787 931
931 787
1045 932
932 1045
1045 933
933 1045
814 934
934 814
864 934
934 864
1047 934
934 1047
1047 935
935 1047
813 935
935 813
1046 936
936 1046
1048 936
936 1048
972 937
937 972
1049 937
937 1049
792 938
938 792
795 939
939 795
1043 940
940 1043
1051 940
940 1051
1051 941
941 1051
1052 942
942 1052
798 944
944 798
800 944
944 800
799 945
945 799
1053 945
945 1053
800 946
946 800
913 947
947 913
802 948
948 802
1019 948
948 1019
803 949
949 803
1055 949
949 1055
805 950
950 805
804 950
950 804
806 951
951 806
805 951
951 805
1057 952
952 1057
1058 953
953 1058
1057 953
953 1057
1058 954
954 1058
811 955
955 811
810 955
955 810
1060 956
956 1060
1060 957
957 1060
963 958
958 963
1060 958
958 1060
815 959
959 815
817 959
959 817
1061 960
960 1061
1061 961
961 1061
1062 962
962 1062
984 962
962 984
1062 963
963 1062
1021 964
964 1021
824 965
965 824
1063 966
966 1063
826 966
966 826
827 967
967 827
1063 968
968 1063
1064 969
969 1064
1065 969
969 1065
1066 970
970 1066
830 970
970 830
833 970
970 833
832 970
970 832
1065 971
971 1065
1066 971
971 1066
835 972
972 835
1067 973
973 1067
1015 974
974 1015
947 975
975 947
1069 976
976 1069
892 977
977 892
1070 978
978 1070
842 978
978 842
1070 979
979 1070
1033 980
980 1033
1071 980
980 1071
1071 981
981 1071
1072 982
982 1072
843 982
982 843
845 983
983 845
1073 983
983 1073
844 983
983 844
1022 985
985 1022
1074 985
985 1074
1074 986
986 1074
1074 987
987 1074
1075 987
987 1075
1075 988
988 1075
1076 989
989 1076
1076 990
990 1076
1077 991
991 1077
1077 992
992 1077
852 993
993 852
1078 993
993 1078
1078 994
994 1078
1079 996
996 1079
1079 997
997 1079
858 998
998 858
1080 998
998 1080
859 999
999 859
1080 1000
1000 1080
861 1001
1001 861
1081 1001
1001 1081
1081 1002
1002 1081
1082 1003
1003 1082
1082 1004
1004 1082
1083 1005
1005 1083
1082 1006
1006 1082
1083 1006
1006 1083
1084 1007
1007 1084
866 1007
1007 866
914 1008
1008 914
1084 1008
1008 1084
1084 1009
1009 1084
871 1010
1010 871
1085 1011
1011 1085
874 1011
1011 874
1085 1012
1012 1085
1086 1013
1013 1086
1086 1014
1014 1086
1087 1015
1015 1087
1087 1016
1016 1087
884 1017
1017 884
1088 1017
1017 1088
885 1018
1018 885
1089 1018
1018 1089
883 1018
1018 883
1090 1020
1020 1090
1091 1021
1021 1091
889 1021
1021 889
1091 1022
1022 1091
891 1022
1022 891
894 1023
1023 894
895 1023
1023 895
1092 1023
1023 1092
1092 1024
1024 1092
896 1024
1024 896
1092 1025
1025 1092
1093 1026
1026 1093
971 1026
1026 971
1093 1027
1027 1093
1094 1028
1028 1094
905 1028
1028 905
1094 1029
1029 1094
908 1029
1029 908
1094 1030
1030 1094
911 1031
1031 911
1095 1031
1031 1095
912 1032
1032 912
1096 1032
1032 1096
1098 1034
1034 1098
1098 1035
1035 1098
914 1035
1035 914
1099 1036
1036 1099
916 1037
1037 916
1102 1038
1038 1102
921 1038
1038 921
1103 1039
1039 1103
918 1039
1039 918
1103 1040
1040 1103
924 1042
1042 924
1107 1042
1042 1107
928 1043
1043 928
1107 1043
1043 1107
1107 1044
1044 1107
1108 1045
1045 1108
931 1045
1045 931
1109 1046
1046 1109
937 1046
1046 937
1110 1047
1047 1110
956 1047
1047 956
957 1047
1047 957
1109 1048
1048 1109
1110 1048
1048 1110
998 1048
1048 998
1111 1049
1049 1111
938 1050
1050 938
1111 1050
1050 1111
939 1051
1051 939
1112 1051
1051 1112
964 1052
1052 964
943 1052
1052 943
946 1053
1053 946
944 1053
1053 944
1114 1054
1054 1114
947 1054
1054 947
948 1055
1055 948
951 1056
1056 951
950 1056
1056 950
1116 1057
1057 1116
1116 1058
1058 1116
955 1059
1059 955
1117 1059
1059 1117
1119 1060
1060 1119
959 1061
1061 959
964 1062
1062 964
965 1062
1062 965
967 1063
1063 967
1121 1064
1064 1121
1121 1065
1065 1121
1122 1065
1065 1122
1122 1066
1066 1122
972 1067
1067 972
1126 1068
1068 1126
974 1068
1068 974
977 1069
1069 977
975 1069
1069 975
1128 1070
1070 1128
1128 1071
1071 1128
1129 1072
1072 1129
983 1072
1072 983
984 1073
1073 984
1130 1074
1074 1130
1130 1075
1075 1130
1135 1077
1077 1135
1135 1078
1078 1135
995 1079
1079 995
1136 1079
1079 1136
1137 1080
1080 1137
999 1080
1080 999
1137 1081
1081 1137
1138 1082
1082 1138
1138 1083
1083 1138
1139 1084
1084 1139
1010 1084
1084 1010
1139 1085
1085 1139
1140 1086
1086 1140
1140 1087
1087 1140
1141 1088
1088 1141
1018 1088
1088 1018
1019 1089
1089 1019
1142 1090
1090 1142
1142 1091
1091 1142
1143 1092
1092 1143
1145 1094
1094 1145
1032 1095
1095 1032
1145 1095
1095 1145
1033 1096
1096 1033
1036 1097
1097 1036
1147 1097
1097 1147
1136 1098
1098 1136
1148 1098
1098 1148
1148 1099
1099 1148
1148 1100
1100 1148
1037 1100
1100 1037
1038 1101
1101 1038
1149 1101
1101 1149
1040 1102
1102 1040
1150 1102
1102 1150
1151 1104
1104 1151
1152 1104
1104 1152
1041 1105
1105 1041
1153 1105
1105 1153
1153 1106
1106 1153
1154 1107
1107 1154
1090 1108
1108 1090
1156 1109
1109 1156
1049 1109
1109 1049
1156 1110
1110 1156
1155 1113
1113 1155
1052 1114
1114 1052
1053 1114
1114 1053
1159 1115
1115 1159
1055 1115
1115 1055
1056 1115
1115 1056
1160 1117
1117 1160
1160 1118
1118 1160
1161 1119
1119 1161
1061 1119
1119 1061
1161 1120
1120 1161
1162 1121
1121 1162
1063 1121
1121 1063
1062 1121
1121 1062
1162 1122
1122 1162
1067 1123
1123 1067
1163 1123
1123 1163
1163 1124
1124 1163
1164 1124
1124 1164
1165 1125
1125 1165
1166 1127
1127 1166
1069 1128
1128 1069
1167 1128
1128 1167
1073 1129
1129 1073
1167 1131
1131 1167
1167 1132
1132 1167
1076 1133
1133 1076
1168 1133
1133 1168
1168 1134
1134 1168
1169 1135
1135 1169
1169 1136
1136 1169
1170 1137
1137 1170
1170 1138
1138 1170
1171 1139
1139 1171
1171 1140
1140 1171
1089 1141
1141 1089
1171 1141
1141 1171
1172 1142
1142 1172
1093 1143
1143 1093
1174 1144
1144 1174
1173 1144
1144 1173
1096 1145
1145 1096
1097 1146
1146 1097
1175 1146
1146 1175
1099 1147
1147 1099
1176 1147
1147 1176
1177 1149
1149 1177
1102 1149
1149 1102
1103 1150
1150 1103
1180 1151
1151 1180
1179 1151
1151 1179
1180 1152
1152 1180
1181 1152
1152 1181
1182 1153
1153 1182
1108 1154
1154 1108
1112 1155
1155 1112
1111 1156
1156 1111
1112 1157
1157 1112
1113 1158
1158 1113
1184 1158
1158 1184
1114 1159
1159 1114
1191 1159
1159 1191
1116 1159
1159 1116
1191 1160
1160 1191
1191 1161
1161 1191
1192 1163
1163 1192
1127 1163
1163 1127
1125 1164
1164 1125
1192 1164
1164 1192
1126 1165
1165 1126
1126 1166
1166 1126
1130 1167
1167 1130
1193 1167
1167 1193
1129 1167
1167 1129
1193 1168
1168 1193
1194 1169
1169 1194
1194 1170
1170 1194
1195 1171
1171 1195
1143 1172
1172 1143
1196 1173
1173 1196
1197 1173
1173 1197
1198 1174
1174 1198
1197 1174
1174 1197
1147 1175
1175 1147
1199 1175
1175 1199
1145 1175
1175 1145
1148 1176
1176 1148
1200 1177
1177 1200
1150 1177
1177 1150
1200 1178
1178 1200
1201 1178
1178 1201
1202 1179
1179 1202
1202 1180
1180 1202
1203 1180
1180 1203
1203 1181
1181 1203
1154 1182
1182 1154
1204 1183
1183 1204
1155 1184
1184 1155
1157 1184
1184 1157
1156 1185
1185 1156
1157 1185
1185 1157
1205 1186
1186 1205
1158 1186
1186 1158
1206 1187
1187 1206
1206 1188
1188 1206
1207 1189
1189 1207
1207 1190
1190 1207
1162 1191
1191 1162
1208 1191
1191 1208
1208 1192
1192 1208
1166 1192
1192 1166
1165 1192
1192 1165
1208 1193
1193 1208
1209 1194
1194 1209
1172 1195
1195 1172
1210 1196
1196 1210
1211 1197
1197 1211
1210 1197
1197 1210
1211 1198
1198 1211
1212 1199
1199 1212
1176 1199
1199 1176
1213 1200
1200 1213
1212 1200
1200 1212
1213 1201
1201 1213
1214 1201
1201 1214
1215 1202
1202 1215
1215 1203
1203 1215
1182 1204
1204 1182
1219 1205
1205 1219
1184 1205
1205 1184
1185 1205
1205 1185
1219 1206
1206 1219
1219 1207
1207 1219
1220 1208
1208 1220
1195 1209
1209 1195
1221 1210
1210 1221
1221 1211
1211 1221
1222 1212
1212 1222
1223 1213
1213 1223
1222 1213
1213 1222
1223 1214
1214 1223
1224 1216
1216 1224
1204 1216
1216 1204
1224 1217
1217 1224
1224 1218
1218 1224
1225 1219
1219 1225
1209 1220
1220 1209
1226 1222
1222 1226
1226 1223
1223 1226
1215 1224
1224 1215
1227 1224
1224 1227
1220 1225
1225 1220
1221 1225
1225 1221
1225 1227
1227 1225
1226 1228
1228 1226
1229 1228
1228 1229
1227 1229
1229 1227
1229 1230
1230 1229