0 1 1 1 1 1 1 1 1 1 1 3
1 1 1 1 1 1 1 1 1 1 1 3
2 1 1 1 1 1 1 1 1 1 1 3
3 1 1 1 1 1 1 1 1 1 1 2
4 1 1 1 1 1 1 1 1 1 1 2
5 1 1 1 1 1 1 1 1 1 1 2
6 1 1 1 1 1 1 1 1 1 1 2
7 1 1 1 1 1 1 1 1 1 1 3
8 1 1 1 1 1 1 1 1 1 1 2
9 1 1 1 1 1 1 1 1 1 1 2
10 1 1 1 1 1 1 1 1 1 1 2
11 1 1 1 1 1 1 1 1 1 1 3
12 1 1 1 1 1 1 1 1 1 1 3
13 1 1 1 1 1 1 1 1 1 1 3
14 1 1 1 1 1 1 1 1 1 1 1
15 1 1 1 1 1 1 1 1 1 1 3
16 1 1 1 1 1 1 1 1 1 1 2
17 1 1 1 1 1 1 1 1 1 1 3
18 1 1 1 1 1 1 1 1 1 1 2
19 1 1 1 1 1 1 1 1 1 1 3
20 1 1 1 1 1 1 1 1 1 1 1
21 1 1 1 1 1 1 1 1 1 1 3
22 1 1 1 1 1 1 1 1 1 1 2
23 1 1 1 1 1 1 1 1 1 1 2
24 1 1 1 1 1 1 1 1 1 1 3
25 1 1 1 1 1 1 1 1 1 1 1
26 1 1 1 1 1 1 1 1 1 1 3
27 1 1 1 1 1 1 1 1 1 1 3
28 1 1 1 1 1 1 1 1 1 1 3
29 1 1 1 1 1 1 1 1 1 1 3
30 1 1 1 1 1 1 1 1 1 1 3
31 1 1 1 1 1 1 1 1 1 1 3
32 1 1 1 1 1 1 1 1 1 1 1
33 1 1 1 1 1 1 1 1 1 1 3
34 1 1 1 1 1 1 1 1 1 1 2
35 1 1 1 1 1 1 1 1 1 1 2
36 1 1 1 1 1 1 1 1 1 1 3
37 1 1 1 1 1 1 1 1 1 1 2
38 1 1 1 1 1 1 1 1 1 1 2
39 1 1 1 1 1 1 1 1 1 1 3
40 1 1 1 1 1 1 1 1 1 1 3
41 1 1 1 1 1 1 1 1 1 1 2
42 1 1 1 1 1 1 1 1 1 1 2
43 1 1 1 1 1 1 1 1 1 1 3
44 1 1 1 1 1 1 1 1 1 1 2
45 1 1 1 1 1 1 1 1 1 1 2
46 1 1 1 1 1 1 1 1 1 1 3
47 1 1 1 1 1 1 1 1 1 1 1
48 1 1 1 1 1 1 1 1 1 1 3
49 1 1 1 1 1 1 1 1 1 1 3
50 1 1 1 1 1 1 1 1 1 1 2
51 1 1 1 1 1 1 1 1 1 1 2
52 1 1 1 1 1 1 1 1 1 1 2
53 1 1 1 1 1 1 1 1 1 1 3
54 1 1 1 1 1 1 1 1 1 1 2
55 1 1 1 1 1 1 1 1 1 1 2
56 1 1 1 1 1 1 1 1 1 1 1
57 1 1 1 1 1 1 1 1 1 1 3
58 1 1 1 1 1 1 1 1 1 1 2
59 1 1 1 1 1 1 1 1 1 1 2
60 1 1 1 1 1 1 1 1 1 1 3
61 1 1 1 1 1 1 1 1 1 1 3
62 1 1 1 1 1 1 1 1 1 1 3
63 1 1 1 1 1 1 1 1 1 1 1
64 1 1 1 1 1 1 1 1 1 1 3
65 1 1 1 1 1 1 1 1 1 1 2
66 1 1 1 1 1 1 1 1 1 1 2
67 1 1 1 1 1 1 1 1 1 1 3
68 1 1 1 1 1 1 1 1 1 1 3
69 1 1 1 1 1 1 1 1 1 1 3
70 1 1 1 1 1 1 1 1 1 1 2
71 1 1 1 1 1 1 1 1 1 1 3
72 1 1 1 1 1 1 1 1 1 1 3
73 1 1 1 1 1 1 1 1 1 1 2
74 1 1 1 1 1 1 1 1 1 1 3
75 1 1 1 1 1 1 1 1 1 1 2
76 1 1 1 1 1 1 1 1 1 1 2
77 1 1 1 1 1 1 1 1 1 1 2
78 1 1 1 1 1 1 1 1 1 1 2
79 1 1 1 1 1 1 1 1 1 1 1
80 1 1 1 1 1 1 1 1 1 1 3
81 1 1 1 1 1 1 1 1 1 1 3
82 1 1 1 1 1 1 1 1 1 1 2
83 1 1 1 1 1 1 1 1 1 1 2
84 1 1 1 1 1 1 1 1 1 1 3
85 1 1 1 1 1 1 1 1 1 1 3
86 1 1 1 1 1 1 1 1 1 1 1
87 1 1 1 1 1 1 1 1 1 1 3
88 1 1 1 1 1 1 1 1 1 1 3
89 1 1 1 1 1 1 1 1 1 1 3
90 1 1 1 1 1 1 1 1 1 1 3
91 1 1 1 1 1 1 1 1 1 1 1
92 1 1 1 1 1 1 1 1 1 1 3
93 1 1 1 1 1 1 1 1 1 1 3
94 1 1 1 1 1 1 1 1 1 1 0
95 1 1 1 1 1 1 1 1 1 1 0
96 1 1 1 1 1 1 1 1 1 1 0
97 1 1 1 1 1 1 1 1 1 1 0
98 1 1 1 1 1 1 1 1 1 1 0
99 1 1 1 1 1 1 1 1 1 1 0
100 1 1 1 1 1 1 1 1 1 1 0
101 1 1 1 1 1 1 1 1 1 1 0
102 1 1 1 1 1 1 1 1 1 1 0
103 1 1 1 1 1 1 1 1 1 1 0
104 1 1 1 1 1 1 1 1 1 1 2
105 1 1 1 1 1 1 1 1 1 1 2
106 1 1 1 1 1 1 1 1 1 1 0
107 1 1 1 1 1 1 1 1 1 1 0
108 1 1 1 1 1 1 1 1 1 1 2
109 1 1 1 1 1 1 1 1 1 1 2
110 1 1 1 1 1 1 1 1 1 1 3
111 1 1 1 1 1 1 1 1 1 1 0
112 1 1 1 1 1 1 1 1 1 1 0
113 1 1 1 1 1 1 1 1 1 1 3
114 1 1 1 1 1 1 1 1 1 1 1
115 1 1 1 1 1 1 1 1 1 1 3
116 1 1 1 1 1 1 1 1 1 1 2
117 1 1 1 1 1 1 1 1 1 1 2
118 1 1 1 1 1 1 1 1 1 1 0
119 1 1 1 1 1 1 1 1 1 1 0
120 1 1 1 1 1 1 1 1 1 1 0
121 1 1 1 1 1 1 1 1 1 1 0
122 1 1 1 1 1 1 1 1 1 1 3
123 1 1 1 1 1 1 1 1 1 1 0
124 1 1 1 1 1 1 1 1 1 1 0
125 1 1 1 1 1 1 1 1 1 1 0
126 1 1 1 1 1 1 1 1 1 1 0
127 1 1 1 1 1 1 1 1 1 1 3
128 1 1 1 1 1 1 1 1 1 1 2
129 1 1 1 1 1 1 1 1 1 1 2
130 1 1 1 1 1 1 1 1 1 1 3
131 1 1 1 1 1 1 1 1 1 1 2
132 1 1 1 1 1 1 1 1 1 1 2
133 1 1 1 1 1 1 1 1 1 1 2
134 1 1 1 1 1 1 1 1 1 1 2
135 1 1 1 1 1 1 1 1 1 1 2
136 1 1 1 1 1 1 1 1 1 1 1
137 1 1 1 1 1 1 1 1 1 1 3
138 1 1 1 1 1 1 1 1 1 1 3
139 1 1 1 1 1 1 1 1 1 1 1
140 1 1 1 1 1 1 1 1 1 1 3
141 1 1 1 1 1 1 1 1 1 1 3
142 1 1 1 1 1 1 1 1 1 1 1
143 1 1 1 1 1 1 1 1 1 1 3
144 1 1 1 1 1 1 1 1 1 1 2
145 1 1 1 1 1 1 1 1 1 1 3
146 1 1 1 1 1 1 1 1 1 1 3
147 1 1 1 1 1 1 1 1 1 1 2
148 1 1 1 1 1 1 1 1 1 1 2
149 1 1 1 1 1 1 1 1 1 1 3
150 1 1 1 1 1 1 1 1 1 1 2
151 1 1 1 1 1 1 1 1 1 1 2
152 1 1 1 1 1 1 1 1 1 1 2
153 1 1 1 1 1 1 1 1 1 1 0
154 1 1 1 1 1 1 1 1 1 1 0
155 1 1 1 1 1 1 1 1 1 1 3
156 1 1 1 1 1 1 1 1 1 1 3
157 1 1 1 1 1 1 1 1 1 1 3
158 1 1 1 1 1 1 1 1 1 1 2
159 1 1 1 1 1 1 1 1 1 1 2
160 1 1 1 1 1 1 1 1 1 1 3
161 1 1 1 1 1 1 1 1 1 1 3
162 1 1 1 1 1 1 1 1 1 1 0
163 1 1 1 1 1 1 1 1 1 1 0
164 1 1 1 1 1 1 1 1 1 1 2
165 1 1 1 1 1 1 1 1 1 1 2
166 1 1 1 1 1 1 1 1 1 1 2
167 1 1 1 1 1 1 1 1 1 1 3
168 1 1 1 1 1 1 1 1 1 1 1
169 1 1 1 1 1 1 1 1 1 1 2
170 1 1 1 1 1 1 1 1 1 1 2
171 1 1 1 1 1 1 1 1 1 1 2
172 1 1 1 1 1 1 1 1 1 1 3
173 1 1 1 1 1 1 1 1 1 1 2
174 1 1 1 1 1 1 1 1 1 1 2
175 1 1 1 1 1 1 1 1 1 1 3
176 1 1 1 1 1 1 1 1 1 1 2
177 1 1 1 1 1 1 1 1 1 1 2
178 1 1 1 1 1 1 1 1 1 1 3
179 1 1 1 1 1 1 1 1 1 1 1
180 1 1 1 1 1 1 1 1 1 1 3
181 1 1 1 1 1 1 1 1 1 1 3
182 1 1 1 1 1 1 1 1 1 1 2
183 1 1 1 1 1 1 1 1 1 1 3
184 1 1 1 1 1 1 1 1 1 1 2
185 1 1 1 1 1 1 1 1 1 1 3
186 1 1 1 1 1 1 1 1 1 1 1
187 1 1 1 1 1 1 1 1 1 1 3
188 1 1 1 1 1 1 1 1 1 1 2
189 1 1 1 1 1 1 1 1 1 1 2
190 1 1 1 1 1 1 1 1 1 1 2
191 1 1 1 1 1 1 1 1 1 1 2
192 1 1 1 1 1 1 1 1 1 1 2
193 1 1 1 1 1 1 1 1 1 1 2
194 1 1 1 1 1 1 1 1 1 1 2
195 1 1 1 1 1 1 1 1 1 1 2
196 1 1 1 1 1 1 1 1 1 1 2
197 1 1 1 1 1 1 1 1 1 1 0
198 1 1 1 1 1 1 1 1 1 1 0
199 1 1 1 1 1 1 1 1 1 1 2
200 1 1 1 1 1 1 1 1 1 1 2
201 1 1 1 1 1 1 1 1 1 1 0
202 1 1 1 1 1 1 1 1 1 1 0
203 1 1 1 1 1 1 1 1 1 1 0
204 1 1 1 1 1 1 1 1 1 1 0
205 1 1 1 1 1 1 1 1 1 1 0
206 1 1 1 1 1 1 1 1 1 1 0
207 1 1 1 1 1 1 1 1 1 1 3
208 1 1 1 1 1 1 1 1 1 1 0
209 1 1 1 1 1 1 1 1 1 1 3
210 1 1 1 1 1 1 1 1 1 1 2
211 1 1 1 1 1 1 1 1 1 1 2
212 1 1 1 1 1 1 1 1 1 1 3
213 1 1 1 1 1 1 1 1 1 1 1
214 1 1 1 1 1 1 1 1 1 1 3
215 1 1 1 1 1 1 1 1 1 1 3
216 1 1 1 1 1 1 1 1 1 1 2
217 1 1 1 1 1 1 1 1 1 1 2
218 1 1 1 1 1 1 1 1 1 1 0
219 1 1 1 1 1 1 1 1 1 1 2
220 1 1 1 1 1 1 1 1 1 1 2
221 1 1 1 1 1 1 1 1 1 1 3
222 1 1 1 1 1 1 1 1 1 1 1
223 1 1 1 1 1 1 1 1 1 1 3
224 1 1 1 1 1 1 1 1 1 1 0
225 1 1 1 1 1 1 1 1 1 1 0
226 1 1 1 1 1 1 1 1 1 1 0
227 1 1 1 1 1 1 1 1 1 1 0
228 1 1 1 1 1 1 1 1 1 1 2
229 1 1 1 1 1 1 1 1 1 1 0
230 1 1 1 1 1 1 1 1 1 1 0
231 1 1 1 1 1 1 1 1 1 1 0
232 1 1 1 1 1 1 1 1 1 1 0
233 1 1 1 1 1 1 1 1 1 1 0
234 1 1 1 1 1 1 1 1 1 1 0
235 1 1 1 1 1 1 1 1 1 1 3
236 1 1 1 1 1 1 1 1 1 1 0
237 1 1 1 1 1 1 1 1 1 1 0
238 1 1 1 1 1 1 1 1 1 1 0
239 1 1 1 1 1 1 1 1 1 1 2
240 1 1 1 1 1 1 1 1 1 1 2
241 1 1 1 1 1 1 1 1 1 1 1
242 1 1 1 1 1 1 1 1 1 1 3
243 1 1 1 1 1 1 1 1 1 1 3
244 1 1 1 1 1 1 1 1 1 1 3
245 1 1 1 1 1 1 1 1 1 1 1
246 1 1 1 1 1 1 1 1 1 1 3
247 1 1 1 1 1 1 1 1 1 1 2
248 1 1 1 1 1 1 1 1 1 1 2
249 1 1 1 1 1 1 1 1 1 1 2
250 1 1 1 1 1 1 1 1 1 1 3
251 1 1 1 1 1 1 1 1 1 1 3
252 1 1 1 1 1 1 1 1 1 1 3
253 1 1 1 1 1 1 1 1 1 1 2
254 1 1 1 1 1 1 1 1 1 1 2
255 1 1 1 1 1 1 1 1 1 1 0
256 1 1 1 1 1 1 1 1 1 1 0
257 1 1 1 1 1 1 1 1 1 1 3
258 1 1 1 1 1 1 1 1 1 1 2
259 1 1 1 1 1 1 1 1 1 1 3
260 1 1 1 1 1 1 1 1 1 1 3
261 1 1 1 1 1 1 1 1 1 1 0
262 1 1 1 1 1 1 1 1 1 1 0
263 1 1 1 1 1 1 1 1 1 1 0
264 1 1 1 1 1 1 1 1 1 1 2
265 1 1 1 1 1 1 1 1 1 1 1
266 1 1 1 1 1 1 1 1 1 1 3
267 1 1 1 1 1 1 1 1 1 1 3
268 1 1 1 1 1 1 1 1 1 1 0
269 1 1 1 1 1 1 1 1 1 1 0
270 1 1 1 1 1 1 1 1 1 1 0
271 1 1 1 1 1 1 1 1 1 1 3
272 1 1 1 1 1 1 1 1 1 1 3
273 1 1 1 1 1 1 1 1 1 1 2
274 1 1 1 1 1 1 1 1 1 1 2
275 1 1 1 1 1 1 1 1 1 1 2
276 1 1 1 1 1 1 1 1 1 1 2
277 1 1 1 1 1 1 1 1 1 1 3
278 1 1 1 1 1 1 1 1 1 1 3
279 1 1 1 1 1 1 1 1 1 1 3
280 1 1 1 1 1 1 1 1 1 1 3
281 1 1 1 1 1 1 1 1 1 1 3
282 1 1 1 1 1 1 1 1 1 1 0
283 1 1 1 1 1 1 1 1 1 1 0
284 1 1 1 1 1 1 1 1 1 1 3
285 1 1 1 1 1 1 1 1 1 1 0
286 1 1 1 1 1 1 1 1 1 1 0
287 1 1 1 1 1 1 1 1 1 1 0
288 1 1 1 1 1 1 1 1 1 1 0
289 1 1 1 1 1 1 1 1 1 1 0
290 1 1 1 1 1 1 1 1 1 1 0
291 1 1 1 1 1 1 1 1 1 1 0
292 1 1 1 1 1 1 1 1 1 1 0
293 1 1 1 1 1 1 1 1 1 1 0
294 1 1 1 1 1 1 1 1 1 1 0
295 1 1 1 1 1 1 1 1 1 1 0
296 1 1 1 1 1 1 1 1 1 1 0
297 1 1 1 1 1 1 1 1 1 1 0
298 1 1 1 1 1 1 1 1 1 1 1
299 1 1 1 1 1 1 1 1 1 1 3
300 1 1 1 1 1 1 1 1 1 1 3
301 1 1 1 1 1 1 1 1 1 1 3
302 1 1 1 1 1 1 1 1 1 1 2
303 1 1 1 1 1 1 1 1 1 1 2
304 1 1 1 1 1 1 1 1 1 1 1
305 1 1 1 1 1 1 1 1 1 1 3
306 1 1 1 1 1 1 1 1 1 1 3
307 1 1 1 1 1 1 1 1 1 1 2
308 1 1 1 1 1 1 1 1 1 1 2
309 1 1 1 1 1 1 1 1 1 1 3
310 1 1 1 1 1 1 1 1 1 1 1
311 1 1 1 1 1 1 1 1 1 1 3
312 1 1 1 1 1 1 1 1 1 1 2
313 1 1 1 1 1 1 1 1 1 1 2
314 1 1 1 1 1 1 1 1 1 1 2
315 1 1 1 1 1 1 1 1 1 1 2
316 1 1 1 1 1 1 1 1 1 1 3
317 1 1 1 1 1 1 1 1 1 1 1
318 1 1 1 1 1 1 1 1 1 1 3
319 1 1 1 1 1 1 1 1 1 1 0
320 1 1 1 1 1 1 1 1 1 1 0
321 1 1 1 1 1 1 1 1 1 1 2
322 1 1 1 1 1 1 1 1 1 1 2
323 1 1 1 1 1 1 1 1 1 1 0
324 1 1 1 1 1 1 1 1 1 1 0
325 1 1 1 1 1 1 1 1 1 1 2
326 1 1 1 1 1 1 1 1 1 1 2
327 1 1 1 1 1 1 1 1 1 1 3
328 1 1 1 1 1 1 1 1 1 1 1
329 1 1 1 1 1 1 1 1 1 1 3
330 1 1 1 1 1 1 1 1 1 1 0
331 1 1 1 1 1 1 1 1 1 1 2
332 1 1 1 1 1 1 1 1 1 1 2
333 1 1 1 1 1 1 1 1 1 1 3
334 1 1 1 1 1 1 1 1 1 1 1
335 1 1 1 1 1 1 1 1 1 1 3
336 1 1 1 1 1 1 1 1 1 1 3
337 1 1 1 1 1 1 1 1 1 1 3
338 1 1 1 1 1 1 1 1 1 1 1
339 1 1 1 1 1 1 1 1 1 1 3
340 1 1 1 1 1 1 1 1 1 1 0
341 1 1 1 1 1 1 1 1 1 1 0
342 1 1 1 1 1 1 1 1 1 1 0
343 1 1 1 1 1 1 1 1 1 1 0
344 1 1 1 1 1 1 1 1 1 1 0
345 1 1 1 1 1 1 1 1 1 1 0
346 1 1 1 1 1 1 1 1 1 1 3
347 1 1 1 1 1 1 1 1 1 1 0
348 1 1 1 1 1 1 1 1 1 1 0
349 1 1 1 1 1 1 1 1 1 1 0
350 1 1 1 1 1 1 1 1 1 1 0
351 1 1 1 1 1 1 1 1 1 1 0
352 1 1 1 1 1 1 1 1 1 1 0
353 1 1 1 1 1 1 1 1 1 1 0
354 1 1 1 1 1 1 1 1 1 1 0
355 1 1 1 1 1 1 1 1 1 1 0
356 1 1 1 1 1 1 1 1 1 1 0
357 1 1 1 1 1 1 1 1 1 1 0
358 1 1 1 1 1 1 1 1 1 1 0
359 1 1 1 1 1 1 1 1 1 1 0
360 1 1 1 1 1 1 1 1 1 1 3
361 1 1 1 1 1 1 1 1 1 1 0
362 1 1 1 1 1 1 1 1 1 1 1
363 1 1 1 1 1 1 1 1 1 1 3
364 1 1 1 1 1 1 1 1 1 1 3
365 1 1 1 1 1 1 1 1 1 1 3
366 1 1 1 1 1 1 1 1 1 1 2
367 1 1 1 1 1 1 1 1 1 1 2
368 1 1 1 1 1 1 1 1 1 1 0
369 1 1 1 1 1 1 1 1 1 1 0
370 1 1 1 1 1 1 1 1 1 1 0
371 1 1 1 1 1 1 1 1 1 1 3
372 1 1 1 1 1 1 1 1 1 1 0
373 1 1 1 1 1 1 1 1 1 1 0
374 1 1 1 1 1 1 1 1 1 1 0
375 1 1 1 1 1 1 1 1 1 1 0
376 1 1 1 1 1 1 1 1 1 1 0
377 1 1 1 1 1 1 1 1 1 1 2
378 1 1 1 1 1 1 1 1 1 1 2
379 1 1 1 1 1 1 1 1 1 1 2
380 1 1 1 1 1 1 1 1 1 1 3
381 1 1 1 1 1 1 1 1 1 1 2
382 1 1 1 1 1 1 1 1 1 1 2
383 1 1 1 1 1 1 1 1 1 1 0
384 1 1 1 1 1 1 1 1 1 1 2
385 1 1 1 1 1 1 1 1 1 1 3
386 1 1 1 1 1 1 1 1 1 1 1
387 1 1 1 1 1 1 1 1 1 1 3
388 1 1 1 1 1 1 1 1 1 1 0
389 1 1 1 1 1 1 1 1 1 1 3
390 1 1 1 1 1 1 1 1 1 1 2
391 1 1 1 1 1 1 1 1 1 1 2
392 1 1 1 1 1 1 1 1 1 1 0
393 1 1 1 1 1 1 1 1 1 1 0
394 1 1 1 1 1 1 1 1 1 1 3
395 1 1 1 1 1 1 1 1 1 1 0
396 1 1 1 1 1 1 1 1 1 1 0
397 1 1 1 1 1 1 1 1 1 1 3
398 1 1 1 1 1 1 1 1 1 1 0
399 1 1 1 1 1 1 1 1 1 1 0
400 1 1 1 1 1 1 1 1 1 1 0
401 1 1 1 1 1 1 1 1 1 1 0
402 1 1 1 1 1 1 1 1 1 1 3
403 1 1 1 1 1 1 1 1 1 1 1
404 1 1 1 1 1 1 1 1 1 1 3
405 1 1 1 1 1 1 1 1 1 1 2
406 1 1 1 1 1 1 1 1 1 1 3
407 1 1 1 1 1 1 1 1 1 1 2
408 1 1 1 1 1 1 1 1 1 1 2
409 1 1 1 1 1 1 1 1 1 1 3
410 1 1 1 1 1 1 1 1 1 1 0
411 1 1 1 1 1 1 1 1 1 1 2
412 1 1 1 1 1 1 1 1 1 1 2
413 1 1 1 1 1 1 1 1 1 1 0
414 1 1 1 1 1 1 1 1 1 1 0
415 1 1 1 1 1 1 1 1 1 1 3
416 1 1 1 1 1 1 1 1 1 1 2
417 1 1 1 1 1 1 1 1 1 1 3
418 1 1 1 1 1 1 1 1 1 1 2
419 1 1 1 1 1 1 1 1 1 1 2
420 1 1 1 1 1 1 1 1 1 1 2
421 1 1 1 1 1 1 1 1 1 1 2
422 1 1 1 1 1 1 1 1 1 1 3
423 1 1 1 1 1 1 1 1 1 1 2
424 1 1 1 1 1 1 1 1 1 1 3
425 1 1 1 1 1 1 1 1 1 1 0
426 1 1 1 1 1 1 1 1 1 1 3
427 1 1 1 1 1 1 1 1 1 1 0
428 1 1 1 1 1 1 1 1 1 1 0
429 1 1 1 1 1 1 1 1 1 1 0
430 1 1 1 1 1 1 1 1 1 1 3
431 1 1 1 1 1 1 1 1 1 1 2
432 1 1 1 1 1 1 1 1 1 1 0
433 1 1 1 1 1 1 1 1 1 1 0
434 1 1 1 1 1 1 1 1 1 1 0
435 1 1 1 1 1 1 1 1 1 1 0
436 1 1 1 1 1 1 1 1 1 1 0
437 1 1 1 1 1 1 1 1 1 1 3
438 1 1 1 1 1 1 1 1 1 1 1
439 1 1 1 1 1 1 1 1 1 1 2
440 1 1 1 1 1 1 1 1 1 1 0
441 1 1 1 1 1 1 1 1 1 1 0
442 1 1 1 1 1 1 1 1 1 1 0
443 1 1 1 1 1 1 1 1 1 1 2
444 1 1 1 1 1 1 1 1 1 1 0
445 1 1 1 1 1 1 1 1 1 1 0
446 1 1 1 1 1 1 1 1 1 1 1
447 1 1 1 1 1 1 1 1 1 1 3
448 1 1 1 1 1 1 1 1 1 1 1
449 1 1 1 1 1 1 1 1 1 1 3
450 1 1 1 1 1 1 1 1 1 1 3
451 1 1 1 1 1 1 1 1 1 1 2
452 1 1 1 1 1 1 1 1 1 1 2
453 1 1 1 1 1 1 1 1 1 1 2
454 1 1 1 1 1 1 1 1 1 1 2
455 1 1 1 1 1 1 1 1 1 1 2
456 1 1 1 1 1 1 1 1 1 1 2
457 1 1 1 1 1 1 1 1 1 1 0
458 1 1 1 1 1 1 1 1 1 1 0
459 1 1 1 1 1 1 1 1 1 1 0
460 1 1 1 1 1 1 1 1 1 1 0
461 1 1 1 1 1 1 1 1 1 1 0
462 1 1 1 1 1 1 1 1 1 1 0
463 1 1 1 1 1 1 1 1 1 1 0
464 1 1 1 1 1 1 1 1 1 1 0
465 1 1 1 1 1 1 1 1 1 1 3
466 1 1 1 1 1 1 1 1 1 1 3
467 1 1 1 1 1 1 1 1 1 1 3
468 1 1 1 1 1 1 1 1 1 1 3
469 1 1 1 1 1 1 1 1 1 1 0
470 1 1 1 1 1 1 1 1 1 1 0
471 1 1 1 1 1 1 1 1 1 1 0
472 1 1 1 1 1 1 1 1 1 1 0
473 1 1 1 1 1 1 1 1 1 1 3
474 1 1 1 1 1 1 1 1 1 1 2
475 1 1 1 1 1 1 1 1 1 1 2
476 1 1 1 1 1 1 1 1 1 1 3
477 1 1 1 1 1 1 1 1 1 1 2
478 1 1 1 1 1 1 1 1 1 1 3
479 1 1 1 1 1 1 1 1 1 1 1
480 1 1 1 1 1 1 1 1 1 1 3
481 1 1 1 1 1 1 1 1 1 1 3
482 1 1 1 1 1 1 1 1 1 1 3
483 1 1 1 1 1 1 1 1 1 1 3
484 1 1 1 1 1 1 1 1 1 1 2
485 1 1 1 1 1 1 1 1 1 1 2
486 1 1 1 1 1 1 1 1 1 1 2
487 1 1 1 1 1 1 1 1 1 1 0
488 1 1 1 1 1 1 1 1 1 1 3
489 1 1 1 1 1 1 1 1 1 1 3
490 1 1 1 1 1 1 1 1 1 1 1
491 1 1 1 1 1 1 1 1 1 1 3
492 1 1 1 1 1 1 1 1 1 1 2
493 1 1 1 1 1 1 1 1 1 1 2
494 1 1 1 1 1 1 1 1 1 1 2
495 1 1 1 1 1 1 1 1 1 1 0
496 1 1 1 1 1 1 1 1 1 1 0
497 1 1 1 1 1 1 1 1 1 1 3
498 1 1 1 1 1 1 1 1 1 1 3
499 1 1 1 1 1 1 1 1 1 1 3
500 1 1 1 1 1 1 1 1 1 1 3
501 1 1 1 1 1 1 1 1 1 1 0
502 1 1 1 1 1 1 1 1 1 1 3
503 1 1 1 1 1 1 1 1 1 1 1
504 1 1 1 1 1 1 1 1 1 1 3
505 1 1 1 1 1 1 1 1 1 1 2
506 1 1 1 1 1 1 1 1 1 1 2
507 1 1 1 1 1 1 1 1 1 1 0
508 1 1 1 1 1 1 1 1 1 1 3
509 1 1 1 1 1 1 1 1 1 1 2
510 1 1 1 1 1 1 1 1 1 1 2
511 1 1 1 1 1 1 1 1 1 1 3
512 1 1 1 1 1 1 1 1 1 1 0
513 1 1 1 1 1 1 1 1 1 1 2
514 1 1 1 1 1 1 1 1 1 1 2
515 1 1 1 1 1 1 1 1 1 1 0
516 1 1 1 1 1 1 1 1 1 1 0
517 1 1 1 1 1 1 1 1 1 1 0
518 1 1 1 1 1 1 1 1 1 1 0
519 1 1 1 1 1 1 1 1 1 1 0
520 1 1 1 1 1 1 1 1 1 1 0
521 1 1 1 1 1 1 1 1 1 1 0
522 1 1 1 1 1 1 1 1 1 1 3
523 1 1 1 1 1 1 1 1 1 1 0
524 1 1 1 1 1 1 1 1 1 1 0
525 1 1 1 1 1 1 1 1 1 1 0
526 1 1 1 1 1 1 1 1 1 1 0
527 1 1 1 1 1 1 1 1 1 1 2
528 1 1 1 1 1 1 1 1 1 1 2
529 1 1 1 1 1 1 1 1 1 1 2
530 1 1 1 1 1 1 1 1 1 1 2
531 1 1 1 1 1 1 1 1 1 1 2
532 1 1 1 1 1 1 1 1 1 1 2
533 1 1 1 1 1 1 1 1 1 1 2
534 1 1 1 1 1 1 1 1 1 1 1
535 1 1 1 1 1 1 1 1 1 1 3
536 1 1 1 1 1 1 1 1 1 1 0
537 1 1 1 1 1 1 1 1 1 1 3
538 1 1 1 1 1 1 1 1 1 1 0
539 1 1 1 1 1 1 1 1 1 1 0
540 1 1 1 1 1 1 1 1 1 1 0
541 1 1 1 1 1 1 1 1 1 1 3
542 1 1 1 1 1 1 1 1 1 1 0
543 1 1 1 1 1 1 1 1 1 1 0
544 1 1 1 1 1 1 1 1 1 1 0
545 1 1 1 1 1 1 1 1 1 1 3
546 1 1 1 1 1 1 1 1 1 1 1
547 1 1 1 1 1 1 1 1 1 1 3
548 1 1 1 1 1 1 1 1 1 1 1
549 1 1 1 1 1 1 1 1 1 1 3
550 1 1 1 1 1 1 1 1 1 1 3
551 1 1 1 1 1 1 1 1 1 1 0
552 1 1 1 1 1 1 1 1 1 1 0
553 1 1 1 1 1 1 1 1 1 1 3
554 1 1 1 1 1 1 1 1 1 1 2
555 1 1 1 1 1 1 1 1 1 1 2
556 1 1 1 1 1 1 1 1 1 1 0
557 1 1 1 1 1 1 1 1 1 1 0
558 1 1 1 1 1 1 1 1 1 1 3
559 1 1 1 1 1 1 1 1 1 1 0
560 1 1 1 1 1 1 1 1 1 1 0
561 1 1 1 1 1 1 1 1 1 1 3
562 1 1 1 1 1 1 1 1 1 1 0
563 1 1 1 1 1 1 1 1 1 1 0
564 1 1 1 1 1 1 1 1 1 1 0
565 1 1 1 1 1 1 1 1 1 1 3
566 1 1 1 1 1 1 1 1 1 1 0
567 1 1 1 1 1 1 1 1 1 1 0
568 1 1 1 1 1 1 1 1 1 1 3
569 1 1 1 1 1 1 1 1 1 1 3
570 1 1 1 1 1 1 1 1 1 1 3
571 1 1 1 1 1 1 1 1 1 1 0
572 1 1 1 1 1 1 1 1 1 1 0
573 1 1 1 1 1 1 1 1 1 1 2
574 1 1 1 1 1 1 1 1 1 1 2
575 1 1 1 1 1 1 1 1 1 1 0
576 1 1 1 1 1 1 1 1 1 1 0
577 1 1 1 1 1 1 1 1 1 1 2
578 1 1 1 1 1 1 1 1 1 1 2
579 1 1 1 1 1 1 1 1 1 1 1
580 1 1 1 1 1 1 1 1 1 1 3
581 1 1 1 1 1 1 1 1 1 1 2
582 1 1 1 1 1 1 1 1 1 1 2
583 1 1 1 1 1 1 1 1 1 1 3
584 1 1 1 1 1 1 1 1 1 1 0
585 1 1 1 1 1 1 1 1 1 1 2
586 1 1 1 1 1 1 1 1 1 1 1
587 1 1 1 1 1 1 1 1 1 1 3
588 1 1 1 1 1 1 1 1 1 1 3
589 1 1 1 1 1 1 1 1 1 1 1
590 1 1 1 1 1 1 1 1 1 1 3
591 1 1 1 1 1 1 1 1 1 1 3
592 1 1 1 1 1 1 1 1 1 1 2
593 1 1 1 1 1 1 1 1 1 1 2
594 1 1 1 1 1 1 1 1 1 1 2
595 1 1 1 1 1 1 1 1 1 1 0
596 1 1 1 1 1 1 1 1 1 1 0
597 1 1 1 1 1 1 1 1 1 1 0
598 1 1 1 1 1 1 1 1 1 1 0
599 1 1 1 1 1 1 1 1 1 1 0
600 1 1 1 1 1 1 1 1 1 1 0
601 1 1 1 1 1 1 1 1 1 1 0
602 1 1 1 1 1 1 1 1 1 1 0
603 1 1 1 1 1 1 1 1 1 1 0
604 1 1 1 1 1 1 1 1 1 1 0
605 1 1 1 1 1 1 1 1 1 1 3
606 1 1 1 1 1 1 1 1 1 1 3
607 1 1 1 1 1 1 1 1 1 1 0
608 1 1 1 1 1 1 1 1 1 1 0
609 1 1 1 1 1 1 1 1 1 1 0
610 1 1 1 1 1 1 1 1 1 1 2
611 1 1 1 1 1 1 1 1 1 1 2
612 1 1 1 1 1 1 1 1 1 1 2
613 1 1 1 1 1 1 1 1 1 1 2
614 1 1 1 1 1 1 1 1 1 1 0
615 1 1 1 1 1 1 1 1 1 1 0
616 1 1 1 1 1 1 1 1 1 1 0
617 1 1 1 1 1 1 1 1 1 1 3
618 1 1 1 1 1 1 1 1 1 1 0
619 1 1 1 1 1 1 1 1 1 1 2
620 1 1 1 1 1 1 1 1 1 1 2
621 1 1 1 1 1 1 1 1 1 1 2
622 1 1 1 1 1 1 1 1 1 1 2
623 1 1 1 1 1 1 1 1 1 1 3
624 1 1 1 1 1 1 1 1 1 1 3
625 1 1 1 1 1 1 1 1 1 1 0
626 1 1 1 1 1 1 1 1 1 1 3
627 1 1 1 1 1 1 1 1 1 1 3
628 1 1 1 1 1 1 1 1 1 1 1
629 1 1 1 1 1 1 1 1 1 1 3
630 1 1 1 1 1 1 1 1 1 1 0
631 1 1 1 1 1 1 1 1 1 1 0
632 1 1 1 1 1 1 1 1 1 1 3
633 1 1 1 1 1 1 1 1 1 1 3
634 1 1 1 1 1 1 1 1 1 1 1
635 1 1 1 1 1 1 1 1 1 1 0
636 1 1 1 1 1 1 1 1 1 1 0
637 1 1 1 1 1 1 1 1 1 1 0
638 1 1 1 1 1 1 1 1 1 1 0
639 1 1 1 1 1 1 1 1 1 1 0
640 1 1 1 1 1 1 1 1 1 1 0
641 1 1 1 1 1 1 1 1 1 1 0
642 1 1 1 1 1 1 1 1 1 1 0
643 1 1 1 1 1 1 1 1 1 1 0
644 1 1 1 1 1 1 1 1 1 1 0
645 1 1 1 1 1 1 1 1 1 1 0
646 1 1 1 1 1 1 1 1 1 1 0
647 1 1 1 1 1 1 1 1 1 1 2
648 1 1 1 1 1 1 1 1 1 1 2
649 1 1 1 1 1 1 1 1 1 1 2
650 1 1 1 1 1 1 1 1 1 1 2
651 1 1 1 1 1 1 1 1 1 1 0
652 1 1 1 1 1 1 1 1 1 1 3
653 1 1 1 1 1 1 1 1 1 1 0
654 1 1 1 1 1 1 1 1 1 1 0
655 1 1 1 1 1 1 1 1 1 1 3
656 1 1 1 1 1 1 1 1 1 1 3
657 1 1 1 1 1 1 1 1 1 1 2
658 1 1 1 1 1 1 1 1 1 1 2
659 1 1 1 1 1 1 1 1 1 1 3
660 1 1 1 1 1 1 1 1 1 1 2
661 1 1 1 1 1 1 1 1 1 1 2
662 1 1 1 1 1 1 1 1 1 1 2
663 1 1 1 1 1 1 1 1 1 1 2
664 1 1 1 1 1 1 1 1 1 1 2
665 1 1 1 1 1 1 1 1 1 1 2
666 1 1 1 1 1 1 1 1 1 1 3
667 1 1 1 1 1 1 1 1 1 1 3
668 1 1 1 1 1 1 1 1 1 1 3
669 1 1 1 1 1 1 1 1 1 1 1
670 1 1 1 1 1 1 1 1 1 1 3
671 1 1 1 1 1 1 1 1 1 1 0
672 1 1 1 1 1 1 1 1 1 1 0
673 1 1 1 1 1 1 1 1 1 1 2
674 1 1 1 1 1 1 1 1 1 1 2
675 1 1 1 1 1 1 1 1 1 1 1
676 1 1 1 1 1 1 1 1 1 1 3
677 1 1 1 1 1 1 1 1 1 1 2
678 1 1 1 1 1 1 1 1 1 1 2
679 1 1 1 1 1 1 1 1 1 1 3
680 1 1 1 1 1 1 1 1 1 1 3
681 1 1 1 1 1 1 1 1 1 1 3
682 1 1 1 1 1 1 1 1 1 1 0
683 1 1 1 1 1 1 1 1 1 1 0
684 1 1 1 1 1 1 1 1 1 1 0
685 1 1 1 1 1 1 1 1 1 1 0
686 1 1 1 1 1 1 1 1 1 1 0
687 1 1 1 1 1 1 1 1 1 1 0
688 1 1 1 1 1 1 1 1 1 1 0
689 1 1 1 1 1 1 1 1 1 1 0
690 1 1 1 1 1 1 1 1 1 1 2
691 1 1 1 1 1 1 1 1 1 1 2
692 1 1 1 1 1 1 1 1 1 1 0
693 1 1 1 1 1 1 1 1 1 1 0
694 1 1 1 1 1 1 1 1 1 1 0
695 1 1 1 1 1 1 1 1 1 1 2
696 1 1 1 1 1 1 1 1 1 1 0
697 1 1 1 1 1 1 1 1 1 1 0
698 1 1 1 1 1 1 1 1 1 1 0
699 1 1 1 1 1 1 1 1 1 1 0
700 1 1 1 1 1 1 1 1 1 1 0
701 1 1 1 1 1 1 1 1 1 1 0
702 1 1 1 1 1 1 1 1 1 1 2
703 1 1 1 1 1 1 1 1 1 1 2
704 1 1 1 1 1 1 1 1 1 1 3
705 1 1 1 1 1 1 1 1 1 1 0
706 1 1 1 1 1 1 1 1 1 1 0
707 1 1 1 1 1 1 1 1 1 1 0
708 1 1 1 1 1 1 1 1 1 1 0
709 1 1 1 1 1 1 1 1 1 1 0
710 1 1 1 1 1 1 1 1 1 1 0
711 1 1 1 1 1 1 1 1 1 1 3
712 1 1 1 1 1 1 1 1 1 1 0
713 1 1 1 1 1 1 1 1 1 1 0
714 1 1 1 1 1 1 1 1 1 1 0
715 1 1 1 1 1 1 1 1 1 1 0
716 1 1 1 1 1 1 1 1 1 1 0
717 1 1 1 1 1 1 1 1 1 1 0
718 1 1 1 1 1 1 1 1 1 1 3
719 1 1 1 1 1 1 1 1 1 1 0
720 1 1 1 1 1 1 1 1 1 1 0
721 1 1 1 1 1 1 1 1 1 1 0
722 1 1 1 1 1 1 1 1 1 1 0
723 1 1 1 1 1 1 1 1 1 1 0
724 1 1 1 1 1 1 1 1 1 1 0
725 1 1 1 1 1 1 1 1 1 1 3
726 1 1 1 1 1 1 1 1 1 1 0
727 1 1 1 1 1 1 1 1 1 1 0
728 1 1 1 1 1 1 1 1 1 1 0
729 1 1 1 1 1 1 1 1 1 1 0
730 1 1 1 1 1 1 1 1 1 1 0
731 1 1 1 1 1 1 1 1 1 1 0
732 1 1 1 1 1 1 1 1 1 1 3
733 1 1 1 1 1 1 1 1 1 1 1
734 1 1 1 1 1 1 1 1 1 1 3
735 1 1 1 1 1 1 1 1 1 1 3
736 1 1 1 1 1 1 1 1 1 1 1
737 1 1 1 1 1 1 1 1 1 1 2
738 1 1 1 1 1 1 1 1 1 1 0
739 1 1 1 1 1 1 1 1 1 1 0
740 1 1 1 1 1 1 1 1 1 1 2
741 1 1 1 1 1 1 1 1 1 1 0
742 1 1 1 1 1 1 1 1 1 1 0
743 1 1 1 1 1 1 1 1 1 1 2
744 1 1 1 1 1 1 1 1 1 1 2
745 1 1 1 1 1 1 1 1 1 1 2
746 1 1 1 1 1 1 1 1 1 1 2
747 1 1 1 1 1 1 1 1 1 1 0
748 1 1 1 1 1 1 1 1 1 1 0
749 1 1 1 1 1 1 1 1 1 1 0
750 1 1 1 1 1 1 1 1 1 1 3
751 1 1 1 1 1 1 1 1 1 1 0
752 1 1 1 1 1 1 1 1 1 1 0
753 1 1 1 1 1 1 1 1 1 1 0
754 1 1 1 1 1 1 1 1 1 1 0
755 1 1 1 1 1 1 1 1 1 1 2
756 1 1 1 1 1 1 1 1 1 1 2
757 1 1 1 1 1 1 1 1 1 1 0
758 1 1 1 1 1 1 1 1 1 1 0
759 1 1 1 1 1 1 1 1 1 1 0
760 1 1 1 1 1 1 1 1 1 1 0
761 1 1 1 1 1 1 1 1 1 1 0
762 1 1 1 1 1 1 1 1 1 1 0
763 1 1 1 1 1 1 1 1 1 1 0
764 1 1 1 1 1 1 1 1 1 1 2
765 1 1 1 1 1 1 1 1 1 1 2
766 1 1 1 1 1 1 1 1 1 1 3
767 1 1 1 1 1 1 1 1 1 1 0
768 1 1 1 1 1 1 1 1 1 1 2
769 1 1 1 1 1 1 1 1 1 1 2
770 1 1 1 1 1 1 1 1 1 1 2
771 1 1 1 1 1 1 1 1 1 1 0
772 1 1 1 1 1 1 1 1 1 1 0
773 1 1 1 1 1 1 1 1 1 1 3
774 1 1 1 1 1 1 1 1 1 1 0
775 1 1 1 1 1 1 1 1 1 1 3
776 1 1 1 1 1 1 1 1 1 1 1
777 1 1 1 1 1 1 1 1 1 1 3
778 1 1 1 1 1 1 1 1 1 1 2
779 1 1 1 1 1 1 1 1 1 1 3
780 1 1 1 1 1 1 1 1 1 1 3
781 1 1 1 1 1 1 1 1 1 1 1
782 1 1 1 1 1 1 1 1 1 1 3
783 1 1 1 1 1 1 1 1 1 1 2
784 1 1 1 1 1 1 1 1 1 1 2
785 1 1 1 1 1 1 1 1 1 1 1
786 1 1 1 1 1 1 1 1 1 1 3
787 1 1 1 1 1 1 1 1 1 1 3
788 1 1 1 1 1 1 1 1 1 1 0
789 1 1 1 1 1 1 1 1 1 1 0
790 1 1 1 1 1 1 1 1 1 1 0
791 1 1 1 1 1 1 1 1 1 1 3
792 1 1 1 1 1 1 1 1 1 1 0
793 1 1 1 1 1 1 1 1 1 1 0
794 1 1 1 1 1 1 1 1 1 1 0
795 1 1 1 1 1 1 1 1 1 1 0
796 1 1 1 1 1 1 1 1 1 1 0
797 1 1 1 1 1 1 1 1 1 1 0
798 1 1 1 1 1 1 1 1 1 1 2
799 1 1 1 1 1 1 1 1 1 1 2
800 1 1 1 1 1 1 1 1 1 1 2
801 1 1 1 1 1 1 1 1 1 1 0
802 1 1 1 1 1 1 1 1 1 1 0
803 1 1 1 1 1 1 1 1 1 1 3
804 1 1 1 1 1 1 1 1 1 1 3
805 1 1 1 1 1 1 1 1 1 1 1
806 1 1 1 1 1 1 1 1 1 1 3
807 1 1 1 1 1 1 1 1 1 1 2
808 1 1 1 1 1 1 1 1 1 1 0
809 1 1 1 1 1 1 1 1 1 1 2
810 1 1 1 1 1 1 1 1 1 1 0
811 1 1 1 1 1 1 1 1 1 1 3
812 1 1 1 1 1 1 1 1 1 1 0
813 1 1 1 1 1 1 1 1 1 1 3
814 1 1 1 1 1 1 1 1 1 1 3
815 1 1 1 1 1 1 1 1 1 1 1
816 1 1 1 1 1 1 1 1 1 1 2
817 1 1 1 1 1 1 1 1 1 1 2
818 1 1 1 1 1 1 1 1 1 1 3
819 1 1 1 1 1 1 1 1 1 1 1
820 1 1 1 1 1 1 1 1 1 1 3
821 1 1 1 1 1 1 1 1 1 1 0
822 1 1 1 1 1 1 1 1 1 1 0
823 1 1 1 1 1 1 1 1 1 1 0
824 1 1 1 1 1 1 1 1 1 1 0
825 1 1 1 1 1 1 1 1 1 1 2
826 1 1 1 1 1 1 1 1 1 1 2
827 1 1 1 1 1 1 1 1 1 1 0
828 1 1 1 1 1 1 1 1 1 1 0
829 1 1 1 1 1 1 1 1 1 1 2
830 1 1 1 1 1 1 1 1 1 1 0
831 1 1 1 1 1 1 1 1 1 1 2
832 1 1 1 1 1 1 1 1 1 1 2
833 1 1 1 1 1 1 1 1 1 1 2
834 1 1 1 1 1 1 1 1 1 1 3
835 1 1 1 1 1 1 1 1 1 1 0
836 1 1 1 1 1 1 1 1 1 1 0
837 1 1 1 1 1 1 1 1 1 1 0
838 1 1 1 1 1 1 1 1 1 1 0
839 1 1 1 1 1 1 1 1 1 1 0
840 1 1 1 1 1 1 1 1 1 1 0
841 1 1 1 1 1 1 1 1 1 1 0
842 1 1 1 1 1 1 1 1 1 1 1
843 1 1 1 1 1 1 1 1 1 1 2
844 1 1 1 1 1 1 1 1 1 1 0
845 1 1 1 1 1 1 1 1 1 1 2
846 1 1 1 1 1 1 1 1 1 1 0
847 1 1 1 1 1 1 1 1 1 1 2
848 1 1 1 1 1 1 1 1 1 1 2
849 1 1 1 1 1 1 1 1 1 1 3
850 1 1 1 1 1 1 1 1 1 1 1
851 1 1 1 1 1 1 1 1 1 1 3
852 1 1 1 1 1 1 1 1 1 1 3
853 1 1 1 1 1 1 1 1 1 1 1
854 1 1 1 1 1 1 1 1 1 1 2
855 1 1 1 1 1 1 1 1 1 1 2
856 1 1 1 1 1 1 1 1 1 1 2
857 1 1 1 1 1 1 1 1 1 1 0
858 1 1 1 1 1 1 1 1 1 1 3
859 1 1 1 1 1 1 1 1 1 1 2
860 1 1 1 1 1 1 1 1 1 1 2
861 1 1 1 1 1 1 1 1 1 1 3
862 1 1 1 1 1 1 1 1 1 1 2
863 1 1 1 1 1 1 1 1 1 1 0
864 1 1 1 1 1 1 1 1 1 1 0
865 1 1 1 1 1 1 1 1 1 1 0
866 1 1 1 1 1 1 1 1 1 1 0
867 1 1 1 1 1 1 1 1 1 1 1
868 1 1 1 1 1 1 1 1 1 1 3
869 1 1 1 1 1 1 1 1 1 1 0
870 1 1 1 1 1 1 1 1 1 1 0
871 1 1 1 1 1 1 1 1 1 1 0
872 1 1 1 1 1 1 1 1 1 1 0
873 1 1 1 1 1 1 1 1 1 1 0
874 1 1 1 1 1 1 1 1 1 1 3
875 1 1 1 1 1 1 1 1 1 1 0
876 1 1 1 1 1 1 1 1 1 1 0
877 1 1 1 1 1 1 1 1 1 1 0
878 1 1 1 1 1 1 1 1 1 1 0
879 1 1 1 1 1 1 1 1 1 1 0
880 1 1 1 1 1 1 1 1 1 1 0
881 1 1 1 1 1 1 1 1 1 1 0
882 1 1 1 1 1 1 1 1 1 1 0
883 1 1 1 1 1 1 1 1 1 1 0
884 1 1 1 1 1 1 1 1 1 1 2
885 1 1 1 1 1 1 1 1 1 1 2
886 1 1 1 1 1 1 1 1 1 1 0
887 1 1 1 1 1 1 1 1 1 1 0
888 1 1 1 1 1 1 1 1 1 1 0
889 1 1 1 1 1 1 1 1 1 1 2
890 1 1 1 1 1 1 1 1 1 1 0
891 1 1 1 1 1 1 1 1 1 1 3
892 1 1 1 1 1 1 1 1 1 1 0
893 1 1 1 1 1 1 1 1 1 1 0
894 1 1 1 1 1 1 1 1 1 1 3
895 1 1 1 1 1 1 1 1 1 1 3
896 1 1 1 1 1 1 1 1 1 1 0
897 1 1 1 1 1 1 1 1 1 1 0
898 1 1 1 1 1 1 1 1 1 1 0
899 1 1 1 1 1 1 1 1 1 1 0
900 1 1 1 1 1 1 1 1 1 1 0
901 1 1 1 1 1 1 1 1 1 1 3
902 1 1 1 1 1 1 1 1 1 1 1
903 1 1 1 1 1 1 1 1 1 1 3
904 1 1 1 1 1 1 1 1 1 1 3
905 1 1 1 1 1 1 1 1 1 1 0
906 1 1 1 1 1 1 1 1 1 1 0
907 1 1 1 1 1 1 1 1 1 1 0
908 1 1 1 1 1 1 1 1 1 1 0
909 1 1 1 1 1 1 1 1 1 1 1
910 1 1 1 1 1 1 1 1 1 1 3
911 1 1 1 1 1 1 1 1 1 1 2
912 1 1 1 1 1 1 1 1 1 1 2
913 1 1 1 1 1 1 1 1 1 1 0
914 1 1 1 1 1 1 1 1 1 1 3
915 1 1 1 1 1 1 1 1 1 1 3
916 1 1 1 1 1 1 1 1 1 1 0
917 1 1 1 1 1 1 1 1 1 1 0
918 1 1 1 1 1 1 1 1 1 1 0
919 1 1 1 1 1 1 1 1 1 1 0
920 1 1 1 1 1 1 1 1 1 1 0
921 1 1 1 1 1 1 1 1 1 1 3
922 1 1 1 1 1 1 1 1 1 1 2
923 1 1 1 1 1 1 1 1 1 1 2
924 1 1 1 1 1 1 1 1 1 1 2
925 1 1 1 1 1 1 1 1 1 1 0
926 1 1 1 1 1 1 1 1 1 1 0
927 1 1 1 1 1 1 1 1 1 1 2
928 1 1 1 1 1 1 1 1 1 1 2
929 1 1 1 1 1 1 1 1 1 1 0
930 1 1 1 1 1 1 1 1 1 1 0
931 1 1 1 1 1 1 1 1 1 1 2
932 1 1 1 1 1 1 1 1 1 1 0
933 1 1 1 1 1 1 1 1 1 1 0
934 1 1 1 1 1 1 1 1 1 1 2
935 1 1 1 1 1 1 1 1 1 1 2
936 1 1 1 1 1 1 1 1 1 1 3
937 1 1 1 1 1 1 1 1 1 1 3
938 1 1 1 1 1 1 1 1 1 1 0
939 1 1 1 1 1 1 1 1 1 1 0
940 1 1 1 1 1 1 1 1 1 1 0
941 1 1 1 1 1 1 1 1 1 1 0
942 1 1 1 1 1 1 1 1 1 1 0
943 1 1 1 1 1 1 1 1 1 1 3
944 1 1 1 1 1 1 1 1 1 1 1
945 1 1 1 1 1 1 1 1 1 1 3
946 1 1 1 1 1 1 1 1 1 1 3
947 1 1 1 1 1 1 1 1 1 1 0
948 1 1 1 1 1 1 1 1 1 1 0
949 1 1 1 1 1 1 1 1 1 1 0
950 1 1 1 1 1 1 1 1 1 1 2
951 1 1 1 1 1 1 1 1 1 1 2
952 1 1 1 1 1 1 1 1 1 1 3
953 1 1 1 1 1 1 1 1 1 1 1
954 1 1 1 1 1 1 1 1 1 1 3
955 1 1 1 1 1 1 1 1 1 1 0
956 1 1 1 1 1 1 1 1 1 1 2
957 1 1 1 1 1 1 1 1 1 1 2
958 1 1 1 1 1 1 1 1 1 1 0
959 1 1 1 1 1 1 1 1 1 1 3
960 1 1 1 1 1 1 1 1 1 1 2
961 1 1 1 1 1 1 1 1 1 1 2
962 1 1 1 1 1 1 1 1 1 1 0
963 1 1 1 1 1 1 1 1 1 1 0
964 1 1 1 1 1 1 1 1 1 1 0
965 1 1 1 1 1 1 1 1 1 1 0
966 1 1 1 1 1 1 1 1 1 1 1
967 1 1 1 1 1 1 1 1 1 1 3
968 1 1 1 1 1 1 1 1 1 1 3
969 1 1 1 1 1 1 1 1 1 1 2
970 1 1 1 1 1 1 1 1 1 1 1
971 1 1 1 1 1 1 1 1 1 1 2
972 1 1 1 1 1 1 1 1 1 1 0
973 1 1 1 1 1 1 1 1 1 1 0
974 1 1 1 1 1 1 1 1 1 1 0
975 1 1 1 1 1 1 1 1 1 1 0
976 1 1 1 1 1 1 1 1 1 1 0
977 1 1 1 1 1 1 1 1 1 1 0
978 1 1 1 1 1 1 1 1 1 1 0
979 1 1 1 1 1 1 1 1 1 1 0
980 1 1 1 1 1 1 1 1 1 1 0
981 1 1 1 1 1 1 1 1 1 1 0
982 1 1 1 1 1 1 1 1 1 1 3
983 1 1 1 1 1 1 1 1 1 1 1
984 1 1 1 1 1 1 1 1 1 1 3
985 1 1 1 1 1 1 1 1 1 1 0
986 1 1 1 1 1 1 1 1 1 1 3
987 1 1 1 1 1 1 1 1 1 1 1
988 1 1 1 1 1 1 1 1 1 1 3
989 1 1 1 1 1 1 1 1 1 1 2
990 1 1 1 1 1 1 1 1 1 1 2
991 1 1 1 1 1 1 1 1 1 1 0
992 1 1 1 1 1 1 1 1 1 1 0
993 1 1 1 1 1 1 1 1 1 1 0
994 1 1 1 1 1 1 1 1 1 1 0
995 1 1 1 1 1 1 1 1 1 1 3
996 1 1 1 1 1 1 1 1 1 1 0
997 1 1 1 1 1 1 1 1 1 1 0
998 1 1 1 1 1 1 1 1 1 1 0
999 1 1 1 1 1 1 1 1 1 1 3
1000 1 1 1 1 1 1 1 1 1 1 0
1001 1 1 1 1 1 1 1 1 1 1 0
1002 1 1 1 1 1 1 1 1 1 1 0
1003 1 1 1 1 1 1 1 1 1 1 0
1004 1 1 1 1 1 1 1 1 1 1 0
1005 1 1 1 1 1 1 1 1 1 1 0
1006 1 1 1 1 1 1 1 1 1 1 0
1007 1 1 1 1 1 1 1 1 1 1 0
1008 1 1 1 1 1 1 1 1 1 1 2
1009 1 1 1 1 1 1 1 1 1 1 0
1010 1 1 1 1 1 1 1 1 1 1 0
1011 1 1 1 1 1 1 1 1 1 1 0
1012 1 1 1 1 1 1 1 1 1 1 0
1013 1 1 1 1 1 1 1 1 1 1 0
1014 1 1 1 1 1 1 1 1 1 1 0
1015 1 1 1 1 1 1 1 1 1 1 0
1016 1 1 1 1 1 1 1 1 1 1 0
1017 1 1 1 1 1 1 1 1 1 1 3
1018 1 1 1 1 1 1 1 1 1 1 1
1019 1 1 1 1 1 1 1 1 1 1 3
1020 1 1 1 1 1 1 1 1 1 1 0
1021 1 1 1 1 1 1 1 1 1 1 0
1022 1 1 1 1 1 1 1 1 1 1 0
1023 1 1 1 1 1 1 1 1 1 1 0
1024 1 1 1 1 1 1 1 1 1 1 0
1025 1 1 1 1 1 1 1 1 1 1 0
1026 1 1 1 1 1 1 1 1 1 1 2
1027 1 1 1 1 1 1 1 1 1 1 2
1028 1 1 1 1 1 1 1 1 1 1 2
1029 1 1 1 1 1 1 1 1 1 1 0
1030 1 1 1 1 1 1 1 1 1 1 2
1031 1 1 1 1 1 1 1 1 1 1 3
1032 1 1 1 1 1 1 1 1 1 1 1
1033 1 1 1 1 1 1 1 1 1 1 3
1034 1 1 1 1 1 1 1 1 1 1 0
1035 1 1 1 1 1 1 1 1 1 1 0
1036 1 1 1 1 1 1 1 1 1 1 3
1037 1 1 1 1 1 1 1 1 1 1 0
1038 1 1 1 1 1 1 1 1 1 1 2
1039 1 1 1 1 1 1 1 1 1 1 0
1040 1 1 1 1 1 1 1 1 1 1 2
1041 1 1 1 1 1 1 1 1 1 1 3
1042 1 1 1 1 1 1 1 1 1 1 0
1043 1 1 1 1 1 1 1 1 1 1 3
1044 1 1 1 1 1 1 1 1 1 1 0
1045 1 1 1 1 1 1 1 1 1 1 0
1046 1 1 1 1 1 1 1 1 1 1 2
1047 1 1 1 1 1 1 1 1 1 1 1
1048 1 1 1 1 1 1 1 1 1 1 2
1049 1 1 1 1 1 1 1 1 1 1 2
1050 1 1 1 1 1 1 1 1 1 1 0
1051 1 1 1 1 1 1 1 1 1 1 0
1052 1 1 1 1 1 1 1 1 1 1 0
1053 1 1 1 1 1 1 1 1 1 1 2
1054 1 1 1 1 1 1 1 1 1 1 0
1055 1 1 1 1 1 1 1 1 1 1 0
1056 1 1 1 1 1 1 1 1 1 1 3
1057 1 1 1 1 1 1 1 1 1 1 2
1058 1 1 1 1 1 1 1 1 1 1 2
1059 1 1 1 1 1 1 1 1 1 1 0
1060 1 1 1 1 1 1 1 1 1 1 3
1061 1 1 1 1 1 1 1 1 1 1 3
1062 1 1 1 1 1 1 1 1 1 1 0
1063 1 1 1 1 1 1 1 1 1 1 2
1064 1 1 1 1 1 1 1 1 1 1 3
1065 1 1 1 1 1 1 1 1 1 1 1
1066 1 1 1 1 1 1 1 1 1 1 3
1067 1 1 1 1 1 1 1 1 1 1 0
1068 1 1 1 1 1 1 1 1 1 1 0
1069 1 1 1 1 1 1 1 1 1 1 0
1070 1 1 1 1 1 1 1 1 1 1 0
1071 1 1 1 1 1 1 1 1 1 1 0
1072 1 1 1 1 1 1 1 1 1 1 2
1073 1 1 1 1 1 1 1 1 1 1 2
1074 1 1 1 1 1 1 1 1 1 1 2
1075 1 1 1 1 1 1 1 1 1 1 2
1076 1 1 1 1 1 1 1 1 1 1 3
1077 1 1 1 1 1 1 1 1 1 1 0
1078 1 1 1 1 1 1 1 1 1 1 0
1079 1 1 1 1 1 1 1 1 1 1 0
1080 1 1 1 1 1 1 1 1 1 1 0
1081 1 1 1 1 1 1 1 1 1 1 0
1082 1 1 1 1 1 1 1 1 1 1 0
1083 1 1 1 1 1 1 1 1 1 1 0
1084 1 1 1 1 1 1 1 1 1 1 0
1085 1 1 1 1 1 1 1 1 1 1 0
1086 1 1 1 1 1 1 1 1 1 1 0
1087 1 1 1 1 1 1 1 1 1 1 0
1088 1 1 1 1 1 1 1 1 1 1 2
1089 1 1 1 1 1 1 1 1 1 1 2
1090 1 1 1 1 1 1 1 1 1 1 0
1091 1 1 1 1 1 1 1 1 1 1 0
1092 1 1 1 1 1 1 1 1 1 1 0
1093 1 1 1 1 1 1 1 1 1 1 3
1094 1 1 1 1 1 1 1 1 1 1 3
1095 1 1 1 1 1 1 1 1 1 1 2
1096 1 1 1 1 1 1 1 1 1 1 2
1097 1 1 1 1 1 1 1 1 1 1 2
1098 1 1 1 1 1 1 1 1 1 1 0
1099 1 1 1 1 1 1 1 1 1 1 2
1100 1 1 1 1 1 1 1 1 1 1 0
1101 1 1 1 1 1 1 1 1 1 1 3
1102 1 1 1 1 1 1 1 1 1 1 1
1103 1 1 1 1 1 1 1 1 1 1 3
1104 1 1 1 1 1 1 1 1 1 1 3
1105 1 1 1 1 1 1 1 1 1 1 0
1106 1 1 1 1 1 1 1 1 1 1 0
1107 1 1 1 1 1 1 1 1 1 1 0
1108 1 1 1 1 1 1 1 1 1 1 0
1109 1 1 1 1 1 1 1 1 1 1 1
1110 1 1 1 1 1 1 1 1 1 1 3
1111 1 1 1 1 1 1 1 1 1 1 3
1112 1 1 1 1 1 1 1 1 1 1 3
1113 1 1 1 1 1 1 1 1 1 1 3
1114 1 1 1 1 1 1 1 1 1 1 0
1115 1 1 1 1 1 1 1 1 1 1 0
1116 1 1 1 1 1 1 1 1 1 1 3
1117 1 1 1 1 1 1 1 1 1 1 0
1118 1 1 1 1 1 1 1 1 1 1 0
1119 1 1 1 1 1 1 1 1 1 1 0
1120 1 1 1 1 1 1 1 1 1 1 0
1121 1 1 1 1 1 1 1 1 1 1 2
1122 1 1 1 1 1 1 1 1 1 1 2
1123 1 1 1 1 1 1 1 1 1 1 0
1124 1 1 1 1 1 1 1 1 1 1 3
1125 1 1 1 1 1 1 1 1 1 1 3
1126 1 1 1 1 1 1 1 1 1 1 3
1127 1 1 1 1 1 1 1 1 1 1 3
1128 1 1 1 1 1 1 1 1 1 1 0
1129 1 1 1 1 1 1 1 1 1 1 3
1130 1 1 1 1 1 1 1 1 1 1 3
1131 1 1 1 1 1 1 1 1 1 1 0
1132 1 1 1 1 1 1 1 1 1 1 0
1133 1 1 1 1 1 1 1 1 1 1 0
1134 1 1 1 1 1 1 1 1 1 1 0
1135 1 1 1 1 1 1 1 1 1 1 0
1136 1 1 1 1 1 1 1 1 1 1 0
1137 1 1 1 1 1 1 1 1 1 1 0
1138 1 1 1 1 1 1 1 1 1 1 0
1139 1 1 1 1 1 1 1 1 1 1 0
1140 1 1 1 1 1 1 1 1 1 1 0
1141 1 1 1 1 1 1 1 1 1 1 3
1142 1 1 1 1 1 1 1 1 1 1 0
1143 1 1 1 1 1 1 1 1 1 1 0
1144 1 1 1 1 1 1 1 1 1 1 3
1145 1 1 1 1 1 1 1 1 1 1 3
1146 1 1 1 1 1 1 1 1 1 1 3
1147 1 1 1 1 1 1 1 1 1 1 1
1148 1 1 1 1 1 1 1 1 1 1 3
1149 1 1 1 1 1 1 1 1 1 1 2
1150 1 1 1 1 1 1 1 1 1 1 2
1151 1 1 1 1 1 1 1 1 1 1 2
1152 1 1 1 1 1 1 1 1 1 1 2
1153 1 1 1 1 1 1 1 1 1 1 0
1154 1 1 1 1 1 1 1 1 1 1 0
1155 1 1 1 1 1 1 1 1 1 1 2
1156 1 1 1 1 1 1 1 1 1 1 2
1157 1 1 1 1 1 1 1 1 1 1 2
1158 1 1 1 1 1 1 1 1 1 1 2
1159 1 1 1 1 1 1 1 1 1 1 0
1160 1 1 1 1 1 1 1 1 1 1 0
1161 1 1 1 1 1 1 1 1 1 1 0
1162 1 1 1 1 1 1 1 1 1 1 3
1163 1 1 1 1 1 1 1 1 1 1 2
1164 1 1 1 1 1 1 1 1 1 1 2
1165 1 1 1 1 1 1 1 1 1 1 2
1166 1 1 1 1 1 1 1 1 1 1 2
1167 1 1 1 1 1 1 1 1 1 1 0
1168 1 1 1 1 1 1 1 1 1 1 0
1169 1 1 1 1 1 1 1 1 1 1 0
1170 1 1 1 1 1 1 1 1 1 1 0
1171 1 1 1 1 1 1 1 1 1 1 0
1172 1 1 1 1 1 1 1 1 1 1 0
1173 1 1 1 1 1 1 1 1 1 1 2
1174 1 1 1 1 1 1 1 1 1 1 2
1175 1 1 1 1 1 1 1 1 1 1 2
1176 1 1 1 1 1 1 1 1 1 1 2
1177 1 1 1 1 1 1 1 1 1 1 3
1178 1 1 1 1 1 1 1 1 1 1 3
1179 1 1 1 1 1 1 1 1 1 1 3
1180 1 1 1 1 1 1 1 1 1 1 1
1181 1 1 1 1 1 1 1 1 1 1 3
1182 1 1 1 1 1 1 1 1 1 1 0
1183 1 1 1 1 1 1 1 1 1 1 0
1184 1 1 1 1 1 1 1 1 1 1 1
1185 1 1 1 1 1 1 1 1 1 1 3
1186 1 1 1 1 1 1 1 1 1 1 3
1187 1 1 1 1 1 1 1 1 1 1 0
1188 1 1 1 1 1 1 1 1 1 1 0
1189 1 1 1 1 1 1 1 1 1 1 0
1190 1 1 1 1 1 1 1 1 1 1 0
1191 1 1 1 1 1 1 1 1 1 1 0
1192 1 1 1 1 1 1 1 1 1 1 1
1193 1 1 1 1 1 1 1 1 1 1 0
1194 1 1 1 1 1 1 1 1 1 1 0
1195 1 1 1 1 1 1 1 1 1 1 0
1196 1 1 1 1 1 1 1 1 1 1 3
1197 1 1 1 1 1 1 1 1 1 1 1
1198 1 1 1 1 1 1 1 1 1 1 3
1199 1 1 1 1 1 1 1 1 1 1 3
1200 1 1 1 1 1 1 1 1 1 1 2
1201 1 1 1 1 1 1 1 1 1 1 2
1202 1 1 1 1 1 1 1 1 1 1 2
1203 1 1 1 1 1 1 1 1 1 1 2
1204 1 1 1 1 1 1 1 1 1 1 0
1205 1 1 1 1 1 1 1 1 1 1 2
1206 1 1 1 1 1 1 1 1 1 1 0
1207 1 1 1 1 1 1 1 1 1 1 0
1208 1 1 1 1 1 1 1 1 1 1 0
1209 1 1 1 1 1 1 1 1 1 1 0
1210 1 1 1 1 1 1 1 1 1 1 2
1211 1 1 1 1 1 1 1 1 1 1 2
1212 1 1 1 1 1 1 1 1 1 1 3
1213 1 1 1 1 1 1 1 1 1 1 1
1214 1 1 1 1 1 1 1 1 1 1 3
1215 1 1 1 1 1 1 1 1 1 1 3
1216 1 1 1 1 1 1 1 1 1 1 0
1217 1 1 1 1 1 1 1 1 1 1 0
1218 1 1 1 1 1 1 1 1 1 1 0
1219 1 1 1 1 1 1 1 1 1 1 0
1220 1 1 1 1 1 1 1 1 1 1 0
1221 1 1 1 1 1 1 1 1 1 1 3
1222 1 1 1 1 1 1 1 1 1 1 2
1223 1 1 1 1 1 1 1 1 1 1 2
1224 1 1 1 1 1 1 1 1 1 1 0
1225 1 1 1 1 1 1 1 1 1 1 0
1226 1 1 1 1 1 1 1 1 1 1 3
1227 1 1 1 1 1 1 1 1 1 1 0
1228 1 1 1 1 1 1 1 1 1 1 0
1229 1 1 1 1 1 1 1 1 1 1 0
1230 1 1 1 1 1 1 1 1 1 1 0