0 5
0 7
0 9
0 27
0 30
0 61
0 67
0 71
0 75
0 82
0 83
0 141
0 145
0 180
0 193
0 197
0 285
0 300
1 5
1 6
1 8
1 9
1 10
1 15
1 18
1 19
1 21
1 23
1 29
1 31
1 34
1 38
1 43
1 45
1 49
1 50
1 54
1 57
1 60
1 72
1 73
1 85
1 94
1 97
1 98
1 129
1 130
1 135
1 148
1 153
1 173
1 177
1 178
1 181
1 191
1 199
1 201
1 207
1 216
1 223
1 231
1 241
1 271
1 285
2 5
2 6
2 12
2 17
2 19
2 25
2 30
2 81
2 98
2 102
2 193
2 201
2 252
3 5
3 6
3 7
3 8
3 11
3 12
3 16
3 20
3 34
3 35
3 47
3 61
3 65
3 66
3 67
3 72
3 82
3 90
3 140
3 142
3 164
3 172
3 176
3 179
3 205
3 246
3 253
3 259
3 267
3 274
3 305
4 5
4 6
4 7
4 9
4 13
4 15
4 17
4 18
4 21
4 23
4 31
4 37
4 46
4 53
4 59
4 73
4 75
4 80
4 83
4 85
4 86
4 88
4 94
4 105
4 107
4 139
4 141
4 150
4 166
4 172
4 176
4 217
4 230
4 247
4 252
4 278
4 292
5 0
5 1
5 2
5 3
5 4
5 6
5 7
5 8
5 10
5 11
5 13
5 16
5 19
5 20
5 24
5 25
5 28
5 29
5 30
5 31
5 32
5 34
5 38
5 41
5 45
5 47
5 48
5 51
5 52
5 53
5 66
5 67
5 72
5 77
5 91
5 93
5 104
5 108
5 110
5 111
5 119
5 120
5 124
5 126
5 132
5 136
5 144
5 146
5 157
5 166
5 174
5 197
5 204
5 205
5 241
5 249
5 255
5 264
5 268
5 279
5 280
5 282
5 286
5 287
6 1
6 2
6 3
6 4
6 5
6 7
6 8
6 9
6 10
6 13
6 14
6 20
6 22
6 24
6 31
6 39
6 42
6 44
6 45
6 46
6 49
6 51
6 58
6 68
6 80
6 100
6 101
6 111
6 121
6 195
6 196
6 221
6 227
6 237
6 244
6 257
6 271
6 297
6 310
7 0
7 3
7 4
7 5
7 6
7 8
7 9
7 10
7 11
7 12
7 16
7 17
7 18
7 24
7 37
7 40
7 51
7 67
7 71
7 84
7 126
7 129
7 147
7 154
7 157
7 158
7 176
7 179
7 204
7 216
7 223
7 230
7 234
7 244
7 248
7 260
7 274
7 276
7 393
8 1
8 3
8 5
8 6
8 7
8 11
8 12
8 13
8 14
8 15
8 16
8 26
8 31
8 33
8 41
8 45
8 49
8 53
8 63
8 71
8 77
8 78
8 93
8 95
8 99
8 101
8 104
8 114
8 121
8 124
8 142
8 163
8 169
8 180
8 194
8 204
8 206
8 214
8 225
8 235
8 256
8 295
8 297
8 298
9 0
9 1
9 4
9 6
9 7
9 10
9 11
9 13
9 14
9 15
9 17
9 21
9 25
9 28
9 29
9 30
9 32
9 35
9 42
9 44
9 56
9 65
9 69
9 70
9 73
9 78
9 81
9 85
9 86
9 95
9 100
9 106
9 107
9 110
9 111
9 126
9 129
9 131
9 143
9 151
9 163
9 164
9 178
9 186
9 190
9 196
9 210
9 215
9 238
9 242
9 256
9 270
9 315
10 1
10 5
10 6
10 7
10 9
10 12
10 20
10 21
10 28
10 29
10 33
10 35
10 37
10 39
10 40
10 47
10 50
10 61
10 64
10 65
10 70
10 72
10 79
10 83
10 89
10 97
10 127
10 148
10 161
10 166
10 167
10 168
10 181
10 215
10 240
10 245
10 248
10 264
10 268
10 276
10 283
10 297
11 3
11 5
11 7
11 8
11 9
11 22
11 46
11 55
11 57
11 60
11 68
11 73
11 95
11 96
11 115
11 116
11 122
11 148
11 151
11 154
11 197
11 199
11 281
12 2
12 3
12 7
12 8
12 10
12 14
12 15
12 19
12 24
12 25
12 32
12 39
12 49
12 62
12 66
12 77
12 81
12 84
12 87
12 94
12 164
12 190
12 196
12 226
12 236
12 244
12 265
12 277
12 283
12 299
12 320
13 4
13 5
13 6
13 8
13 9
13 14
13 17
13 18
13 22
13 26
13 27
13 33
13 34
13 38
13 42
13 48
13 50
13 57
13 64
13 82
13 91
13 126
13 132
13 158
13 159
13 168
13 170
13 172
13 179
13 180
13 188
13 197
13 203
13 224
13 226
13 233
13 239
13 252
13 265
13 267
13 268
13 274
13 282
13 289
13 291
13 297
13 299
14 6
14 8
14 9
14 12
14 13
14 16
14 18
14 23
14 36
14 38
14 41
14 51
14 74
14 81
14 94
14 101
14 109
14 192
14 225
14 247
15 1
15 4
15 8
15 9
15 12
15 24
15 26
15 27
15 37
15 43
15 44
15 50
15 55
15 56
15 60
15 69
15 71
15 76
15 89
15 92
15 105
15 112
15 113
15 114
15 118
15 140
15 141
15 163
15 167
15 183
15 194
15 200
15 224
15 245
15 253
15 262
15 266
15 325
16 3
16 5
16 7
16 8
16 14
16 22
16 28
16 38
16 55
16 58
16 59
16 62
16 64
16 66
16 68
16 75
16 80
16 82
16 107
16 142
16 152
16 177
16 185
16 201
16 205
16 220
16 232
16 239
16 267
16 295
17 2
17 4
17 7
17 9
17 13
17 19
17 20
17 26
17 32
17 37
17 46
17 53
17 62
17 63
17 74
17 80
17 89
17 90
17 102
17 105
17 149
17 223
17 234
17 278
17 281
17 298
18 1
18 4
18 7
18 13
18 14
18 21
18 27
18 32
18 34
18 35
18 42
18 43
18 55
18 58
18 60
18 76
18 84
18 88
18 97
18 122
18 128
18 137
18 143
18 145
18 157
18 161
18 185
18 189
18 191
18 229
18 244
18 284
18 330
19 1
19 2
19 5
19 12
19 17
19 22
19 25
19 30
19 33
19 35
19 65
19 91
19 103
19 109
19 111
19 156
19 159
19 163
19 192
19 235
19 269
19 292
20 3
20 5
20 6
20 10
20 17
20 23
20 27
20 28
20 36
20 44
20 45
20 86
20 88
20 116
20 135
20 139
20 140
20 142
20 154
20 162
20 175
20 194
20 293
21 1
21 4
21 9
21 10
21 18
21 23
21 52
21 54
21 68
21 115
21 237
21 270
21 275
21 335
22 6
22 11
22 13
22 16
22 19
22 33
22 36
22 49
22 88
22 89
22 99
22 103
22 108
22 115
22 173
22 189
22 200
22 212
22 228
22 244
22 273
23 1
23 4
23 14
23 20
23 21
23 76
23 113
23 114
23 181
23 194
23 200
24 5
24 6
24 7
24 12
24 15
24 36
24 51
24 52
24 98
24 167
24 192
24 217
24 250
24 263
24 273
24 275
24 340
25 2
25 5
25 9
25 12
25 19
25 26
25 29
25 53
25 107
25 115
25 118
25 127
25 208
25 220
25 221
25 247
25 267
25 277
26 8
26 13
26 15
26 17
26 25
26 36
26 40
26 43
26 55
26 58
26 76
26 79
26 122
26 162
26 202
26 279
27 0
27 13
27 15
27 18
27 20
27 39
27 63
27 83
27 116
27 122
27 132
27 155
27 172
27 217
27 226
27 238
27 345
28 5
28 9
28 10
28 16
28 20
28 47
28 104
28 160
28 203
28 260
28 265
28 289
29 1
29 5
29 9
29 10
29 25
29 67
29 68
29 83
29 124
29 125
29 130
29 160
29 173
29 175
29 186
29 221
29 266
29 273
29 279
30 0
30 2
30 5
30 9
30 19
30 39
30 52
30 70
30 74
30 95
30 97
30 106
30 117
30 123
30 169
30 173
30 196
30 294
30 350
31 1
31 4
31 5
31 6
31 8
31 41
31 76
31 102
31 140
31 178
31 182
31 202
31 208
31 212
31 226
31 234
31 256
32 5
32 9
32 12
32 17
32 18
32 40
32 127
33 8
33 10
33 13
33 19
33 22
33 46
33 54
33 77
33 103
33 108
33 122
33 128
33 131
33 134
33 212
33 233
33 355
34 1
34 3
34 5
34 13
34 18
34 59
34 85
34 176
34 213
34 223
34 226
35 3
35 9
35 10
35 18
35 19
35 94
35 192
36 14
36 20
36 22
36 24
36 26
36 48
36 112
36 139
36 148
36 222
36 276
36 360
37 4
37 7
37 10
37 15
37 17
37 60
37 71
37 72
37 89
37 92
37 98
37 100
37 109
37 148
37 155
37 174
37 202
37 217
37 233
37 235
38 1
38 5
38 13
38 14
38 16
38 43
38 80
38 87
38 111
38 114
38 117
38 145
38 156
38 160
38 170
38 188
38 225
38 242
38 280
38 288
38 297
39 6
39 10
39 12
39 27
39 30
39 40
39 42
39 50
39 56
39 57
39 59
39 62
39 79
39 88
39 99
39 134
39 143
39 150
39 152
39 158
39 161
39 169
39 184
39 231
39 239
39 272
39 365
40 7
40 10
40 26
40 32
40 39
40 41
40 112
40 186
40 209
40 250
40 288
41 5
41 8
41 14
41 31
41 40
41 77
41 86
41 188
41 237
41 247
41 251
41 273
41 289
42 6
42 9
42 13
42 18
42 39
42 44
42 59
42 276
42 298
42 370
43 1
43 15
43 18
43 26
43 38
43 61
43 62
43 63
43 69
43 70
43 108
43 120
43 125
43 156
43 181
43 182
43 202
43 238
43 274
43 293
44 6
44 9
44 15
44 20
44 42
44 48
44 79
44 211
45 1
45 5
45 6
45 8
45 20
45 73
45 98
45 103
45 133
45 189
45 198
45 222
45 246
45 253
45 281
45 288
45 375
46 4
46 6
46 11
46 17
46 33
46 47
46 48
46 54
46 61
46 66
46 84
46 110
46 114
46 118
46 121
46 125
46 132
46 137
46 146
46 160
46 193
46 225
46 298
47 3
47 5
47 10
47 28
47 46
47 56
47 87
47 100
47 112
47 123
47 125
47 147
47 199
48 5
48 13
48 36
48 44
48 46
48 54
48 116
48 172
48 177
48 180
48 183
48 222
48 380
49 1
49 6
49 8
49 12
49 22
49 52
49 69
49 97
49 106
49 109
49 113
49 147
49 168
49 206
49 210
49 243
49 262
50 1
50 10
50 13
50 15
50 39
50 78
50 96
50 153
50 165
50 250
50 260
50 280
50 299
51 5
51 6
51 7
51 14
51 24
51 65
51 74
51 162
51 206
51 385
52 5
52 21
52 24
52 30
52 49
52 56
52 151
52 168
52 171
52 173
52 239
52 252
52 269
53 4
53 5
53 8
53 17
53 25
53 70
53 147
53 249
54 1
54 21
54 33
54 46
54 48
54 57
54 99
54 104
54 105
54 121
54 185
54 214
54 257
54 274
54 390
55 11
55 15
55 16
55 18
55 26
55 86
55 87
55 107
55 119
55 138
55 155
55 182
55 227
55 251
55 253
56 9
56 15
56 39
56 47
56 52
56 58
56 121
56 192
56 203
56 212
56 259
56 281
56 288
57 1
57 11
57 13
57 39
57 54
57 90
57 153
57 171
57 395
58 6
58 16
58 18
58 26
58 56
58 158
58 234
59 4
59 16
59 34
59 39
59 42
59 64
59 101
59 115
59 130
59 184
59 191
59 221
59 262
59 285
59 290
59 296
60 1
60 11
60 15
60 18
60 37
60 69
60 75
60 81
60 91
60 93
60 118
60 123
60 240
60 269
60 400
61 0
61 3
61 10
61 43
61 46
61 93
61 119
61 133
61 155
61 209
61 278
62 12
62 16
62 17
62 39
62 43
62 63
62 64
62 100
62 103
62 295
63 8
63 17
63 27
63 43
63 62
63 78
63 174
63 261
63 275
63 405
64 10
64 13
64 16
64 59
64 62
64 138
65 3
65 9
65 10
65 19
65 51
65 102
65 119
65 127
65 132
65 150
65 213
65 214
65 220
65 240
65 251
65 257
65 258
65 261
65 271
66 3
66 5
66 12
66 16
66 46
66 74
66 90
66 108
66 201
66 218
66 410
67 0
67 3
67 5
67 7
67 29
67 82
67 104
67 112
67 134
67 152
67 161
67 266
68 6
68 11
68 16
68 21
68 29
68 92
68 110
68 123
68 128
68 195
68 204
68 227
68 232
68 245
68 255
68 268
68 292
68 294
69 9
69 15
69 43
69 49
69 60
69 155
69 415
70 9
70 10
70 30
70 43
70 53
70 79
70 162
70 237
71 0
71 7
71 8
71 15
71 37
71 78
71 117
71 129
71 200
71 235
72 1
72 3
72 5
72 10
72 37
72 75
72 106
72 153
72 171
72 184
72 206
72 218
72 278
72 296
72 420
72 645
73 1
73 4
73 9
73 11
73 45
73 92
73 136
73 137
73 138
73 220
74 14
74 17
74 30
74 51
74 66
74 96
74 131
74 291
75 0
75 4
75 16
75 60
75 72
75 93
75 95
75 101
75 159
75 164
75 191
75 243
75 272
75 425
76 15
76 18
76 23
76 26
76 31
76 130
76 141
76 187
76 286
76 296
77 5
77 8
77 12
77 33
77 41
77 90
77 144
77 151
78 8
78 9
78 50
78 63
78 71
78 91
78 135
78 146
78 159
78 430
79 10
79 26
79 39
79 44
79 70
79 84
79 106
79 165
79 176
80 4
80 6
80 16
80 17
80 38
80 109
80 195
80 221
80 282
81 2
81 9
81 12
81 14
81 60
81 85
81 128
81 246
81 435
82 0
82 3
82 13
82 16
82 67
82 119
82 149
82 177
82 203
82 205
82 213
82 230
82 236
82 242
82 292
82 293
83 0
83 4
83 10
83 27
83 29
83 113
83 120
83 129
83 165
83 201
83 206
83 216
83 250
84 7
84 12
84 18
84 46
84 79
84 87
84 92
84 96
84 136
84 146
84 170
84 184
84 199
84 211
84 228
84 259
84 265
84 440
85 1
85 4
85 9
85 34
85 81
85 113
85 198
86 4
86 9
86 20
86 41
86 55
86 131
86 141
86 152
86 168
86 174
86 209
86 210
86 246
86 270
87 12
87 38
87 47
87 55
87 84
87 96
87 105
87 123
87 137
87 175
87 254
87 260
87 445
88 4
88 18
88 20
88 22
88 39
88 118
88 134
88 222
89 10
89 15
89 17
89 22
89 37
89 102
89 189
90 3
90 17
90 57
90 66
90 77
90 99
90 450
91 5
91 13
91 19
91 60
91 78
91 144
91 190
92 15
92 37
92 68
92 73
92 84
92 187
92 193
92 250
92 255
92 262
92 291
93 5
93 8
93 60
93 61
93 75
93 116
93 141
93 181
93 293
93 455
94 1
94 4
94 12
94 14
94 35
94 117
94 120
94 128
94 258
94 284
94 286
95 8
95 9
95 11
95 30
95 75
95 130
95 145
95 157
95 166
95 182
95 197
95 220
96 11
96 50
96 74
96 84
96 87
96 184
96 208
96 272
96 460
97 1
97 10
97 18
97 30
97 49
97 170
97 269
98 1
98 2
98 24
98 37
98 45
98 245
98 257
99 8
99 22
99 39
99 54
99 90
99 133
99 142
99 169
99 178
99 183
99 286
99 465
100 6
100 9
100 37
100 47
100 62
100 143
100 149
100 255
101 6
101 8
101 14
101 59
101 75
102 2
102 17
102 31
102 65
102 89
102 470
103 19
103 22
103 33
103 45
103 62
103 207
103 225
103 263
103 286
104 5
104 8
104 28
104 54
104 67
104 117
105 4
105 15
105 17
105 54
105 87
105 124
105 131
105 138
105 162
105 214
105 218
105 253
105 258
105 264
105 284
105 475
106 9
106 30
106 49
106 72
106 79
106 171
106 277
106 295
107 4
107 9
107 16
107 25
107 55
107 195
107 205
107 219
107 237
107 275
107 287
108 5
108 22
108 33
108 43
108 66
108 146
108 235
108 245
108 480
109 14
109 19
109 37
109 49
109 80
109 110
109 133
109 143
109 144
109 149
109 156
109 259
109 282
110 5
110 9
110 46
110 68
110 109
110 134
110 241
110 254
111 5
111 6
111 9
111 19
111 38
111 188
111 207
111 209
111 240
111 485
112 15
112 36
112 40
112 47
112 67
112 136
112 158
112 179
112 229
113 15
113 23
113 49
113 83
113 85
113 135
113 196
113 222
113 249
114 8
114 15
114 23
114 38
114 46
114 179
114 190
114 233
114 256
114 490
115 11
115 21
115 22
115 25
115 59
115 258
115 261
115 272
115 287
116 11
116 20
116 27
116 48
116 93
116 124
116 127
116 163
116 210
116 213
116 214
117 30
117 38
117 71
117 94
117 104
117 495
118 15
118 25
118 46
118 60
118 88
118 150
119 5
119 55
119 61
119 65
119 82
119 120
119 152
119 187
119 216
119 236
119 261
119 272
120 5
120 43
120 83
120 94
120 119
120 177
120 232
120 500
121 6
121 8
121 46
121 54
121 56
121 125
121 126
122 11
122 18
122 26
122 27
122 33
122 241
122 242
123 30
123 47
123 60
123 68
123 87
123 136
123 157
123 170
123 174
123 185
123 279
123 505
124 5
124 8
124 29
124 105
124 116
124 137
124 207
124 294
125 29
125 43
125 46
125 47
125 121
125 144
125 186
125 219
125 251
125 296
126 5
126 7
126 9
126 13
126 121
126 171
126 510
127 10
127 25
127 32
127 65
127 116
127 133
127 212
127 230
127 257
127 276
128 18
128 33
128 68
128 81
128 94
128 140
128 147
128 187
128 231
128 233
128 248
128 256
128 284
129 1
129 7
129 9
129 71
129 83
129 144
129 151
129 154
129 515
130 1
130 29
130 59
130 76
130 95
130 165
130 167
130 219
131 9
131 33
131 74
131 86
131 105
131 135
131 185
132 5
132 13
132 27
132 46
132 65
132 520
133 45
133 61
133 99
133 109
133 127
133 139
133 215
134 33
134 39
134 67
134 88
134 110
134 139
134 215
134 271
134 277
135 1
135 20
135 78
135 113
135 131
135 182
135 188
135 213
135 285
135 525
136 5
136 73
136 84
136 112
136 123
136 280
137 18
137 46
137 73
137 87
137 124
137 138
137 211
137 215
137 270
138 55
138 64
138 73
138 105
138 137
138 150
138 178
138 208
138 265
138 530
139 4
139 20
139 36
139 133
139 134
139 145
139 149
139 165
139 229
139 279
140 3
140 15
140 20
140 31
140 128
140 166
140 183
140 186
140 190
141 0
141 4
141 15
141 76
141 86
141 93
141 535
142 3
142 8
142 16
142 20
142 99
142 238
142 243
143 9
143 18
143 39
143 100
143 109
143 204
143 218
143 263
144 5
144 77
144 91
144 109
144 125
144 129
144 161
144 164
144 198
144 211
144 273
144 294
144 540
145 0
145 18
145 38
145 95
145 139
145 183
146 5
146 46
146 78
146 84
146 108
146 167
147 7
147 47
147 49
147 53
147 128
147 187
147 545
148 1
148 10
148 11
148 36
148 37
149 17
149 82
149 100
149 109
149 139
149 154
149 198
150 4
150 39
150 65
150 118
150 138
150 189
150 550
151 9
151 11
151 52
151 77
151 129
151 153
151 159
152 16
152 39
152 67
152 86
152 119
152 191
153 1
153 50
153 57
153 72
153 151
153 290
153 555
154 7
154 11
154 20
154 129
154 149
154 156
154 294
155 27
155 37
155 55
155 61
155 69
155 199
155 202
155 224
155 236
155 241
155 263
155 283
156 19
156 38
156 43
156 109
156 154
156 210
156 218
156 560
157 5
157 7
157 18
157 95
157 123
157 238
157 289
158 7
158 13
158 39
158 58
158 112
158 160
158 169
158 298
159 13
159 19
159 75
159 78
159 151
159 565
160 28
160 29
160 38
160 46
160 158
160 216
160 228
160 280
161 10
161 18
161 39
161 67
161 144
162 20
162 26
162 51
162 70
162 105
162 570
163 8
163 9
163 15
163 19
163 116
164 3
164 9
164 12
164 75
164 144
164 180
164 247
164 251
164 295
165 50
165 79
165 83
165 130
165 139
165 575
166 4
166 5
166 10
166 95
166 140
167 10
167 15
167 24
167 130
167 146
167 175
167 203
167 240
167 275
168 10
168 13
168 49
168 52
168 86
168 200
168 278
168 580
169 8
169 30
169 39
169 99
169 158
169 219
169 236
169 243
170 13
170 38
170 84
170 97
170 123
170 282
170 293
171 52
171 57
171 72
171 106
171 126
171 195
171 208
171 227
171 585
172 3
172 4
172 13
172 27
172 48
172 211
173 1
173 22
173 29
173 30
173 52
173 175
173 232
173 258
174 5
174 37
174 63
174 86
174 123
174 590
175 20
175 29
175 87
175 167
175 173
175 254
176 3
176 4
176 7
176 34
176 79
176 249
176 283
177 1
177 16
177 48
177 82
177 120
177 209
177 248
177 262
177 271
177 299
177 595
178 1
178 9
178 31
178 99
178 138
178 235
178 276
179 3
179 7
179 13
179 112
179 114
179 193
180 0
180 8
180 13
180 48
180 164
180 600
181 1
181 10
181 23
181 43
181 93
181 224
181 299
182 31
182 43
182 55
182 95
182 135
182 242
183 15
183 48
183 99
183 140
183 145
183 605
184 39
184 59
184 72
184 84
184 96
185 16
185 18
185 54
185 123
185 131
185 198
186 9
186 29
186 40
186 125
186 140
186 234
186 610
187 76
187 92
187 119
187 128
187 147
188 13
188 38
188 41
188 111
188 135
189 18
189 22
189 45
189 89
189 150
189 264
189 615
190 9
190 12
190 91
190 114
190 140
191 1
191 18
191 59
191 75
191 152
191 194
191 239
192 14
192 19
192 24
192 35
192 56
192 229
192 620
193 0
193 2
193 46
193 92
193 179
194 8
194 15
194 20
194 23
194 191
195 6
195 68
195 80
195 107
195 171
195 625
196 6
196 9
196 12
196 30
196 113
197 0
197 5
197 11
197 13
197 95
197 263
198 45
198 85
198 144
198 149
198 185
198 288
198 630
199 1
199 11
199 47
199 84
199 155
199 283
200 15
200 22
200 23
200 71
200 168
200 207
200 266
201 1
201 2
201 16
201 66
201 83
201 246
201 261
201 267
201 635
202 26
202 31
202 37
202 43
202 155
203 13
203 28
203 56
203 82
203 167
203 243
204 5
204 7
204 8
204 68
204 143
204 228
204 255
204 290
204 640
205 3
205 5
205 16
205 82
205 107
206 8
206 49
206 51
206 72
206 83
206 217
206 254
207 1
207 103
207 111
207 124
207 200
207 645
208 25
208 31
208 96
208 138
208 171
208 252
209 40
209 61
209 86
209 111
209 177
209 316
210 9
210 49
210 86
210 116
210 156
210 650
211 44
211 84
211 137
211 144
211 172
212 22
212 31
212 33
212 56
212 127
212 219
212 290
213 34
213 65
213 82
213 116
213 135
213 229
213 260
213 655
214 8
214 54
214 65
214 105
214 116
214 224
214 231
215 9
215 10
215 133
215 134
215 137
215 228
215 580
216 1
216 7
216 83
216 119
216 160
216 660
217 4
217 24
217 27
217 37
217 206
218 66
218 72
218 105
218 143
218 156
219 107
219 125
219 130
219 169
219 212
219 665
220 16
220 25
220 65
220 73
220 95
220 223
221 6
221 25
221 29
221 59
221 80
221 277
222 36
222 45
222 48
222 88
222 113
222 227
222 231
222 249
222 670
223 1
223 7
223 17
223 34
223 220
223 248
224 13
224 15
224 155
224 181
224 214
224 254
225 8
225 14
225 38
225 46
225 103
225 268
225 287
225 675
226 12
226 13
226 27
226 31
226 34
226 230
227 6
227 55
227 68
227 171
227 222
227 289
228 22
228 84
228 160
228 204
228 215
228 287
228 680
229 18
229 112
229 139
229 192
229 213
229 284
230 4
230 7
230 82
230 127
230 226
230 232
231 1
231 39
231 128
231 214
231 222
231 685
232 16
232 68
232 120
232 173
232 230
232 290
233 13
233 33
233 37
233 114
233 128
234 7
234 17
234 31
234 58
234 186
234 259
234 690
235 8
235 19
235 37
235 71
235 108
235 178
235 269
235 270
236 12
236 82
236 119
236 155
236 169
237 6
237 21
237 41
237 70
237 107
237 695
238 9
238 27
238 43
238 142
238 157
239 13
239 16
239 39
239 52
239 191
240 10
240 60
240 65
240 111
240 167
241 1
241 5
241 110
241 122
241 155
242 9
242 38
242 82
242 122
242 182
242 264
242 291
243 49
243 75
243 142
243 169
243 203
244 6
244 7
244 12
244 18
244 22
245 10
245 15
245 68
245 98
245 108
246 3
246 45
246 81
246 86
246 201
247 4
247 14
247 25
247 41
247 164
248 7
248 10
248 128
248 177
248 223
249 5
249 53
249 113
249 176
249 222
250 24
250 40
250 50
250 83
250 92
250 285
251 41
251 55
251 65
251 125
251 164
252 2
252 4
252 13
252 52
252 208
252 468
253 3
253 15
253 45
253 55
253 105
254 87
254 110
254 175
254 206
254 224
254 357
255 5
255 68
255 92
255 100
255 204
256 8
256 9
256 31
256 114
256 128
257 6
257 54
257 65
257 98
257 127
258 65
258 94
258 105
258 115
258 173
258 291
259 3
259 56
259 84
259 109
259 234
259 266
260 7
260 28
260 50
260 87
260 213
261 63
261 65
261 115
261 119
261 201
262 15
262 49
262 59
262 92
262 177
263 24
263 103
263 143
263 155
263 197
264 5
264 10
264 105
264 189
264 242
264 653
265 12
265 13
265 28
265 84
265 138
266 15
266 29
266 67
266 200
266 259
266 296
267 3
267 13
267 16
267 25
267 201
267 281
268 5
268 10
268 13
268 68
268 225
269 19
269 52
269 60
269 97
269 235
270 9
270 21
270 86
270 137
270 235
271 1
271 6
271 65
271 134
271 177
272 39
272 75
272 96
272 115
272 119
273 22
273 24
273 29
273 41
273 144
274 3
274 7
274 13
274 43
274 54
275 21
275 24
275 63
275 107
275 167
276 7
276 10
276 36
276 42
276 127
276 178
277 12
277 25
277 106
277 134
277 221
278 4
278 17
278 61
278 72
278 168
279 5
279 26
279 29
279 123
279 139
280 5
280 38
280 50
280 136
280 160
281 11
281 17
281 45
281 56
281 267
281 390
282 5
282 13
282 80
282 109
282 170
283 10
283 12
283 155
283 176
283 199
284 18
284 94
284 105
284 128
284 229
284 292
285 0
285 1
285 59
285 135
285 250
286 5
286 76
286 94
286 99
286 103
287 5
287 107
287 115
287 225
287 228
288 38
288 40
288 45
288 56
288 198
289 13
289 28
289 41
289 157
289 227
290 59
290 153
290 204
290 212
290 232
291 13
291 74
291 92
291 242
291 258
292 4
292 19
292 68
292 82
292 284
293 20
293 43
293 82
293 93
293 170
294 30
294 68
294 124
294 144
294 154
295 8
295 16
295 62
295 106
295 164
296 59
296 72
296 76
296 125
296 266
297 6
297 8
297 10
297 13
297 38
298 8
298 17
298 42
298 46
298 158
299 12
299 13
299 50
299 177
299 181
300 0
300 301
300 303
300 304
301 300
301 302
301 304
302 301
302 303
303 300
303 302
304 300
304 301
305 3
305 306
305 308
305 309
306 305
306 307
306 309
307 306
307 308
308 305
308 307
309 305
309 306
310 6
310 311
310 313
310 314
311 310
311 312
311 314
312 311
312 313
313 310
313 312
313 513
314 310
314 311
315 9
315 316
315 318
315 319
316 209
316 315
316 317
316 319
317 316
317 318
318 315
318 317
319 315
319 316
319 534
320 12
320 321
320 323
320 324
321 320
321 322
321 324
322 321
322 323
323 320
323 322
324 320
324 321
325 15
325 326
325 328
325 329
326 325
326 327
326 329
327 326
327 328
328 325
328 327
329 325
329 326
330 18
330 331
330 333
330 334
331 330
331 332
331 334
332 331
332 333
333 330
333 332
334 330
334 331
335 21
335 336
335 338
335 339
336 335
336 337
336 339
337 336
337 338
338 335
338 337
339 335
339 336
340 24
340 341
340 343
340 344
341 340
341 342
341 344
342 341
342 343
343 340
343 342
344 340
344 341
345 27
345 346
345 348
345 349
346 345
346 347
346 349
347 346
347 348
348 345
348 347
349 345
349 346
350 30
350 351
350 353
350 354
351 350
351 352
351 354
352 351
352 353
353 350
353 352
354 350
354 351
355 33
355 356
355 358
355 359
356 355
356 357
356 359
357 254
357 356
357 358
358 355
358 357
359 355
359 356
360 36
360 361
360 363
360 364
361 360
361 362
361 364
362 361
362 363
363 360
363 362
364 360
364 361
365 39
365 366
365 368
365 369
366 365
366 367
366 369
367 366
367 368
368 365
368 367
369 365
369 366
370 42
370 371
370 373
370 374
371 370
371 372
371 374
372 371
372 373
373 370
373 372
374 370
374 371
375 45
375 376
375 378
375 379
376 375
376 377
376 379
377 376
377 378
378 375
378 377
379 375
379 376
380 48
380 381
380 383
380 384
381 380
381 382
381 384
382 381
382 383
383 380
383 382
384 380
384 381
385 51
385 386
385 388
385 389
386 385
386 387
386 389
387 386
387 388
388 385
388 387
389 385
389 386
390 54
390 281
390 391
390 393
390 394
391 390
391 392
391 394
392 391
392 393
393 7
393 390
393 392
394 390
394 391
395 57
395 396
395 398
395 399
396 395
396 397
396 399
397 396
397 398
398 395
398 397
398 562
399 395
399 396
400 60
400 401
400 403
400 404
401 400
401 402
401 404
402 401
402 403
403 400
403 402
404 400
404 401
405 63
405 406
405 408
405 409
406 405
406 407
406 409
407 406
407 408
408 405
408 407
409 405
409 406
410 66
410 411
410 413
410 414
411 410
411 412
411 414
412 411
412 413
413 410
413 412
414 410
414 411
415 69
415 416
415 418
415 419
416 415
416 417
416 419
417 416
417 418
418 415
418 417
419 415
419 416
420 72
420 421
420 423
420 424
421 420
421 422
421 424
422 421
422 423
423 420
423 422
424 420
424 421
425 75
425 426
425 428
425 429
426 425
426 427
426 429
427 426
427 428
428 425
428 427
429 425
429 426
430 78
430 431
430 433
430 434
431 430
431 432
431 434
431 627
432 431
432 433
433 430
433 432
434 430
434 431
435 81
435 436
435 438
435 439
436 435
436 437
436 439
437 436
437 438
438 435
438 437
439 435
439 436
440 84
440 441
440 443
440 444
441 440
441 442
441 444
442 441
442 443
443 440
443 442
444 440
444 441
445 87
445 446
445 448
445 449
446 445
446 447
446 449
447 446
447 448
448 445
448 447
449 445
449 446
450 90
450 451
450 453
450 454
451 450
451 452
451 454
452 451
452 453
453 450
453 452
454 450
454 451
455 93
455 456
455 458
455 459
456 455
456 457
456 459
456 633
457 456
457 458
458 455
458 457
459 455
459 456
460 96
460 461
460 463
460 464
461 460
461 462
461 464
462 461
462 463
463 460
463 462
464 460
464 461
465 99
465 466
465 468
465 469
466 465
466 467
466 469
467 466
467 468
468 252
468 465
468 467
469 465
469 466
470 102
470 471
470 473
470 474
471 470
471 472
471 474
472 471
472 473
473 470
473 472
474 470
474 471
475 105
475 476
475 478
475 479
476 475
476 477
476 479
477 476
477 478
478 475
478 477
478 503
479 475
479 476
480 108
480 481
480 483
480 484
481 480
481 482
481 484
482 481
482 483
483 480
483 482
484 480
484 481
485 111
485 486
485 488
485 489
486 485
486 487
486 489
487 486
487 488
488 485
488 487
489 485
489 486
490 114
490 491
490 493
490 494
490 668
491 490
491 492
491 494
492 491
492 493
493 490
493 492
494 490
494 491
495 117
495 496
495 498
495 499
496 495
496 497
496 499
497 496
497 498
498 495
498 497
499 495
499 496
500 120
500 501
500 503
500 504
501 500
501 502
501 504
502 501
502 503
503 478
503 500
503 502
504 500
504 501
505 123
505 506
505 508
505 509
506 505
506 507
506 509
507 506
507 508
508 505
508 507
508 583
509 505
509 506
510 126
510 511
510 513
510 514
511 510
511 512
511 514
512 511
512 513
513 313
513 510
513 512
514 510
514 511
515 129
515 516
515 518
515 519
516 515
516 517
516 519
517 516
517 518
518 515
518 517
519 515
519 516
520 132
520 521
520 523
520 524
521 520
521 522
521 524
522 521
522 523
523 520
523 522
524 520
524 521
525 135
525 526
525 528
525 529
526 525
526 527
526 529
527 526
527 528
528 525
528 527
529 525
529 526
530 138
530 531
530 533
530 534
531 530
531 532
531 534
532 531
532 533
533 530
533 532
534 319
534 530
534 531
535 141
535 536
535 538
535 539
536 535
536 537
536 539
537 536
537 538
538 535
538 537
539 535
539 536
540 144
540 541
540 543
540 544
541 540
541 542
541 544
542 541
542 543
543 540
543 542
544 540
544 541
545 147
545 546
545 548
545 549
546 545
546 547
546 549
547 546
547 548
548 545
548 547
549 545
549 546
550 150
550 551
550 553
550 554
551 550
551 552
551 554
552 551
552 553
553 550
553 552
554 550
554 551
555 153
555 556
555 558
555 559
556 555
556 557
556 559
557 556
557 558
558 555
558 557
559 555
559 556
560 156
560 561
560 563
560 564
561 560
561 562
561 564
562 398
562 561
562 563
563 560
563 562
564 560
564 561
565 159
565 566
565 568
565 569
566 565
566 567
566 569
567 566
567 568
568 565
568 567
569 565
569 566
570 162
570 571
570 573
570 574
571 570
571 572
571 574
572 571
572 573
573 570
573 572
574 570
574 571
575 165
575 576
575 578
575 579
576 575
576 577
576 579
577 576
577 578
578 575
578 577
579 575
579 576
580 168
580 215
580 581
580 583
580 584
581 580
581 582
581 584
582 581
582 583
583 508
583 580
583 582
584 580
584 581
585 171
585 586
585 588
585 589
586 585
586 587
586 589
587 586
587 588
588 585
588 587
589 585
589 586
590 174
590 591
590 593
590 594
591 590
591 592
591 594
592 591
592 593
593 590
593 592
594 590
594 591
595 177
595 596
595 598
595 599
596 595
596 597
596 599
597 596
597 598
598 595
598 597
599 595
599 596
600 180
600 601
600 603
600 604
601 600
601 602
601 604
602 601
602 603
603 600
603 602
604 600
604 601
605 183
605 606
605 608
605 609
606 605
606 607
606 609
607 606
607 608
608 605
608 607
609 605
609 606
610 186
610 611
610 613
610 614
611 610
611 612
611 614
612 611
612 613
613 610
613 612
614 610
614 611
615 189
615 616
615 618
615 619
616 615
616 617
616 619
617 616
617 618
618 615
618 617
619 615
619 616
620 192
620 621
620 623
620 624
621 620
621 622
621 624
622 621
622 623
623 620
623 622
624 620
624 621
625 195
625 626
625 628
625 629
626 625
626 627
626 629
627 431
627 626
627 628
628 625
628 627
629 625
629 626
630 198
630 631
630 633
630 634
631 630
631 632
631 634
632 631
632 633
633 456
633 630
633 632
634 630
634 631
635 201
635 636
635 638
635 639
636 635
636 637
636 639
637 636
637 638
638 635
638 637
639 635
639 636
640 204
640 641
640 643
640 644
641 640
641 642
641 644
642 641
642 643
643 640
643 642
644 640
644 641
645 72
645 207
645 646
645 648
645 649
646 645
646 647
646 649
647 646
647 648
648 645
648 647
649 645
649 646
650 210
650 651
650 653
650 654
651 650
651 652
651 654
652 651
652 653
653 264
653 650
653 652
654 650
654 651
655 213
655 656
655 658
655 659
656 655
656 657
656 659
657 656
657 658
658 655
658 657
659 655
659 656
660 216
660 661
660 663
660 664
661 660
661 662
661 664
662 661
662 663
663 660
663 662
664 660
664 661
665 219
665 666
665 668
665 669
666 665
666 667
666 669
667 666
667 668
668 490
668 665
668 667
669 665
669 666
670 222
670 671
670 673
670 674
671 670
671 672
671 674
672 671
672 673
673 670
673 672
674 670
674 671
675 225
675 676
675 678
675 679
676 675
676 677
676 679
677 676
677 678
678 675
678 677
679 675
679 676
680 228
680 681
680 683
680 684
681 680
681 682
681 684
682 681
682 683
683 680
683 682
684 680
684 681
685 231
685 686
685 688
685 689
686 685
686 687
686 689
687 686
687 688
688 685
688 687
689 685
689 686
690 234
690 691
690 693
690 694
691 690
691 692
691 694
692 691
692 693
693 690
693 692
694 690
694 691
695 237
695 696
695 698
695 699
696 695
696 697
696 699
697 696
697 698
698 695
698 697
699 695
699 696