0 0.1 0.1 0.1 0.1 0.1 0.1 0.1 0.1 0.1 0.1 0
1 0.1 0.1 0.1 0.1 0.1 0.1 0.1 0.1 0.1 0.1 0
2 0.1 0.1 0.1 0.1 0.1 0.1 0.1 0.1 0.1 0.1 0
3 0.1 0.1 0.1 0.1 0.1 0.1 0.1 0.1 0.1 0.1 0
4 0.1 0.1 0.1 0.1 0.1 0.1 0.1 0.1 0.1 0.1 0
5 0.1 0.1 0.1 0.1 0.1 0.1 0.1 0.1 0.1 0.1 0
6 0.1 0.1 0.1 0.1 0.1 0.1 0.1 0.1 0.1 0.1 0
7 0.1 0.1 0.1 0.1 0.1 0.1 0.1 0.1 0.1 0.1 0
8 0.1 0.1 0.1 0.1 0.1 0.1 0.1 0.1 0.1 0.1 0
9 0.1 0.1 0.1 0.1 0.1 0.1 0.1 0.1 0.1 0.1 0
10 0.1 0.1 0.1 0.1 0.1 0.1 0.1 0.1 0.1 0.1 0
11 0.1 0.1 0.1 0.1 0.1 0.1 0.1 0.1 0.1 0.1 0
12 0.1 0.1 0.1 0.1 0.1 0.1 0.1 0.1 0.1 0.1 0
13 0.1 0.1 0.1 0.1 0.1 0.1 0.1 0.1 0.1 0.1 0
14 0.1 0.1 0.1 0.1 0.1 0.1 0.1 0.1 0.1 0.1 0
15 0.1 0.1 0.1 0.1 0.1 0.1 0.1 0.1 0.1 0.1 0
16 0.1 0.1 0.1 0.1 0.1 0.1 0.1 0.1 0.1 0.1 0
17 0.1 0.1 0.1 0.1 0.1 0.1 0.1 0.1 0.1 0.1 0
18 0.1 0.1 0.1 0.1 0.1 0.1 0.1 0.1 0.1 0.1 0
19 0.1 0.1 0.1 0.1 0.1 0.1 0.1 0.1 0.1 0.1 0
20 0.1 0.1 0.1 0.1 0.1 0.1 0.1 0.1 0.1 0.1 0
21 0.1 0.1 0.1 0.1 0.1 0.1 0.1 0.1 0.1 0.1 0
22 0.1 0.1 0.1 0.1 0.1 0.1 0.1 0.1 0.1 0.1 0
23 0.1 0.1 0.1 0.1 0.1 0.1 0.1 0.1 0.1 0.1 0
24 0.1 0.1 0.1 0.1 0.1 0.1 0.1 0.1 0.1 0.1 0
25 0.1 0.1 0.1 0.1 0.1 0.1 0.1 0.1 0.1 0.1 0
26 0.1 0.1 0.1 0.1 0.1 0.1 0.1 0.1 0.1 0.1 0
27 0.1 0.1 0.1 0.1 0.1 0.1 0.1 0.1 0.1 0.1 0
28 0.1 0.1 0.1 0.1 0.1 0.1 0.1 0.1 0.1 0.1 0
29 0.1 0.1 0.1 0.1 0.1 0.1 0.1 0.1 0.1 0.1 0
30 0.1 0.1 0.1 0.1 0.1 0.1 0.1 0.1 0.1 0.1 0
31 0.1 0.1 0.1 0.1 0.1 0.1 0.1 0.1 0.1 0.1 0
32 0.1 0.1 0.1 0.1 0.1 0.1 0.1 0.1 0.1 0.1 0
33 0.1 0.1 0.1 0.1 0.1 0.1 0.1 0.1 0.1 0.1 0
34 0.1 0.1 0.1 0.1 0.1 0.1 0.1 0.1 0.1 0.1 0
35 0.1 0.1 0.1 0.1 0.1 0.1 0.1 0.1 0.1 0.1 0
36 0.1 0.1 0.1 0.1 0.1 0.1 0.1 0.1 0.1 0.1 0
37 0.1 0.1 0.1 0.1 0.1 0.1 0.1 0.1 0.1 0.1 0
38 0.1 0.1 0.1 0.1 0.1 0.1 0.1 0.1 0.1 0.1 0
39 0.1 0.1 0.1 0.1 0.1 0.1 0.1 0.1 0.1 0.1 0
40 0.1 0.1 0.1 0.1 0.1 0.1 0.1 0.1 0.1 0.1 0
41 0.1 0.1 0.1 0.1 0.1 0.1 0.1 0.1 0.1 0.1 0
42 0.1 0.1 0.1 0.1 0.1 0.1 0.1 0.1 0.1 0.1 0
43 0.1 0.1 0.1 0.1 0.1 0.1 0.1 0.1 0.1 0.1 0
44 0.1 0.1 0.1 0.1 0.1 0.1 0.1 0.1 0.1 0.1 0
45 0.1 0.1 0.1 0.1 0.1 0.1 0.1 0.1 0.1 0.1 0
46 0.1 0.1 0.1 0.1 0.1 0.1 0.1 0.1 0.1 0.1 0
47 0.1 0.1 0.1 0.1 0.1 0.1 0.1 0.1 0.1 0.1 0
48 0.1 0.1 0.1 0.1 0.1 0.1 0.1 0.1 0.1 0.1 0
49 0.1 0.1 0.1 0.1 0.1 0.1 0.1 0.1 0.1 0.1 0
50 0.1 0.1 0.1 0.1 0.1 0.1 0.1 0.1 0.1 0.1 0
51 0.1 0.1 0.1 0.1 0.1 0.1 0.1 0.1 0.1 0.1 0
52 0.1 0.1 0.1 0.1 0.1 0.1 0.1 0.1 0.1 0.1 0
53 0.1 0.1 0.1 0.1 0.1 0.1 0.1 0.1 0.1 0.1 0
54 0.1 0.1 0.1 0.1 0.1 0.1 0.1 0.1 0.1 0.1 0
55 0.1 0.1 0.1 0.1 0.1 0.1 0.1 0.1 0.1 0.1 0
56 0.1 0.1 0.1 0.1 0.1 0.1 0.1 0.1 0.1 0.1 0
57 0.1 0.1 0.1 0.1 0.1 0.1 0.1 0.1 0.1 0.1 0
58 0.1 0.1 0.1 0.1 0.1 0.1 0.1 0.1 0.1 0.1 0
59 0.1 0.1 0.1 0.1 0.1 0.1 0.1 0.1 0.1 0.1 0
60 0.1 0.1 0.1 0.1 0.1 0.1 0.1 0.1 0.1 0.1 0
61 0.1 0.1 0.1 0.1 0.1 0.1 0.1 0.1 0.1 0.1 0
62 0.1 0.1 0.1 0.1 0.1 0.1 0.1 0.1 0.1 0.1 0
63 0.1 0.1 0.1 0.1 0.1 0.1 0.1 0.1 0.1 0.1 0
64 0.1 0.1 0.1 0.1 0.1 0.1 0.1 0.1 0.1 0.1 0
65 0.1 0.1 0.1 0.1 0.1 0.1 0.1 0.1 0.1 0.1 0
66 0.1 0.1 0.1 0.1 0.1 0.1 0.1 0.1 0.1 0.1 0
67 0.1 0.1 0.1 0.1 0.1 0.1 0.1 0.1 0.1 0.1 0
68 0.1 0.1 0.1 0.1 0.1 0.1 0.1 0.1 0.1 0.1 0
69 0.1 0.1 0.1 0.1 0.1 0.1 0.1 0.1 0.1 0.1 0
70 0.1 0.1 0.1 0.1 0.1 0.1 0.1 0.1 0.1 0.1 0
71 0.1 0.1 0.1 0.1 0.1 0.1 0.1 0.1 0.1 0.1 0
72 0.1 0.1 0.1 0.1 0.1 0.1 0.1 0.1 0.1 0.1 0
73 0.1 0.1 0.1 0.1 0.1 0.1 0.1 0.1 0.1 0.1 0
74 0.1 0.1 0.1 0.1 0.1 0.1 0.1 0.1 0.1 0.1 0
75 0.1 0.1 0.1 0.1 0.1 0.1 0.1 0.1 0.1 0.1 0
76 0.1 0.1 0.1 0.1 0.1 0.1 0.1 0.1 0.1 0.1 0
77 0.1 0.1 0.1 0.1 0.1 0.1 0.1 0.1 0.1 0.1 0
78 0.1 0.1 0.1 0.1 0.1 0.1 0.1 0.1 0.1 0.1 0
79 0.1 0.1 0.1 0.1 0.1 0.1 0.1 0.1 0.1 0.1 0
80 0.1 0.1 0.1 0.1 0.1 0.1 0.1 0.1 0.1 0.1 0
81 0.1 0.1 0.1 0.1 0.1 0.1 0.1 0.1 0.1 0.1 0
82 0.1 0.1 0.1 0.1 0.1 0.1 0.1 0.1 0.1 0.1 0
83 0.1 0.1 0.1 0.1 0.1 0.1 0.1 0.1 0.1 0.1 0
84 0.1 0.1 0.1 0.1 0.1 0.1 0.1 0.1 0.1 0.1 0
85 0.1 0.1 0.1 0.1 0.1 0.1 0.1 0.1 0.1 0.1 0
86 0.1 0.1 0.1 0.1 0.1 0.1 0.1 0.1 0.1 0.1 0
87 0.1 0.1 0.1 0.1 0.1 0.1 0.1 0.1 0.1 0.1 0
88 0.1 0.1 0.1 0.1 0.1 0.1 0.1 0.1 0.1 0.1 0
89 0.1 0.1 0.1 0.1 0.1 0.1 0.1 0.1 0.1 0.1 0
90 0.1 0.1 0.1 0.1 0.1 0.1 0.1 0.1 0.1 0.1 0
91 0.1 0.1 0.1 0.1 0.1 0.1 0.1 0.1 0.1 0.1 0
92 0.1 0.1 0.1 0.1 0.1 0.1 0.1 0.1 0.1 0.1 0
93 0.1 0.1 0.1 0.1 0.1 0.1 0.1 0.1 0.1 0.1 0
94 0.1 0.1 0.1 0.1 0.1 0.1 0.1 0.1 0.1 0.1 0
95 0.1 0.1 0.1 0.1 0.1 0.1 0.1 0.1 0.1 0.1 0
96 0.1 0.1 0.1 0.1 0.1 0.1 0.1 0.1 0.1 0.1 0
97 0.1 0.1 0.1 0.1 0.1 0.1 0.1 0.1 0.1 0.1 0
98 0.1 0.1 0.1 0.1 0.1 0.1 0.1 0.1 0.1 0.1 0
99 0.1 0.1 0.1 0.1 0.1 0.1 0.1 0.1 0.1 0.1 0
100 0.1 0.1 0.1 0.1 0.1 0.1 0.1 0.1 0.1 0.1 0
101 0.1 0.1 0.1 0.1 0.1 0.1 0.1 0.1 0.1 0.1 0
102 0.1 0.1 0.1 0.1 0.1 0.1 0.1 0.1 0.1 0.1 0
103 0.1 0.1 0.1 0.1 0.1 0.1 0.1 0.1 0.1 0.1 0
104 0.1 0.1 0.1 0.1 0.1 0.1 0.1 0.1 0.1 0.1 0
105 0.1 0.1 0.1 0.1 0.1 0.1 0.1 0.1 0.1 0.1 0
106 0.1 0.1 0.1 0.1 0.1 0.1 0.1 0.1 0.1 0.1 0
107 0.1 0.1 0.1 0.1 0.1 0.1 0.1 0.1 0.1 0.1 0
108 0.1 0.1 0.1 0.1 0.1 0.1 0.1 0.1 0.1 0.1 0
109 0.1 0.1 0.1 0.1 0.1 0.1 0.1 0.1 0.1 0.1 0
110 0.1 0.1 0.1 0.1 0.1 0.1 0.1 0.1 0.1 0.1 0
111 0.1 0.1 0.1 0.1 0.1 0.1 0.1 0.1 0.1 0.1 0
112 0.1 0.1 0.1 0.1 0.1 0.1 0.1 0.1 0.1 0.1 0
113 0.1 0.1 0.1 0.1 0.1 0.1 0.1 0.1 0.1 0.1 0
114 0.1 0.1 0.1 0.1 0.1 0.1 0.1 0.1 0.1 0.1 0
115 0.1 0.1 0.1 0.1 0.1 0.1 0.1 0.1 0.1 0.1 0
116 0.1 0.1 0.1 0.1 0.1 0.1 0.1 0.1 0.1 0.1 0
117 0.1 0.1 0.1 0.1 0.1 0.1 0.1 0.1 0.1 0.1 0
118 0.1 0.1 0.1 0.1 0.1 0.1 0.1 0.1 0.1 0.1 0
119 0.1 0.1 0.1 0.1 0.1 0.1 0.1 0.1 0.1 0.1 0
120 0.1 0.1 0.1 0.1 0.1 0.1 0.1 0.1 0.1 0.1 0
121 0.1 0.1 0.1 0.1 0.1 0.1 0.1 0.1 0.1 0.1 0
122 0.1 0.1 0.1 0.1 0.1 0.1 0.1 0.1 0.1 0.1 0
123 0.1 0.1 0.1 0.1 0.1 0.1 0.1 0.1 0.1 0.1 0
124 0.1 0.1 0.1 0.1 0.1 0.1 0.1 0.1 0.1 0.1 0
125 0.1 0.1 0.1 0.1 0.1 0.1 0.1 0.1 0.1 0.1 0
126 0.1 0.1 0.1 0.1 0.1 0.1 0.1 0.1 0.1 0.1 0
127 0.1 0.1 0.1 0.1 0.1 0.1 0.1 0.1 0.1 0.1 0
128 0.1 0.1 0.1 0.1 0.1 0.1 0.1 0.1 0.1 0.1 0
129 0.1 0.1 0.1 0.1 0.1 0.1 0.1 0.1 0.1 0.1 0
130 0.1 0.1 0.1 0.1 0.1 0.1 0.1 0.1 0.1 0.1 0
131 0.1 0.1 0.1 0.1 0.1 0.1 0.1 0.1 0.1 0.1 0
132 0.1 0.1 0.1 0.1 0.1 0.1 0.1 0.1 0.1 0.1 0
133 0.1 0.1 0.1 0.1 0.1 0.1 0.1 0.1 0.1 0.1 0
134 0.1 0.1 0.1 0.1 0.1 0.1 0.1 0.1 0.1 0.1 0
135 0.1 0.1 0.1 0.1 0.1 0.1 0.1 0.1 0.1 0.1 0
136 0.1 0.1 0.1 0.1 0.1 0.1 0.1 0.1 0.1 0.1 0
137 0.1 0.1 0.1 0.1 0.1 0.1 0.1 0.1 0.1 0.1 0
138 0.1 0.1 0.1 0.1 0.1 0.1 0.1 0.1 0.1 0.1 0
139 0.1 0.1 0.1 0.1 0.1 0.1 0.1 0.1 0.1 0.1 0
140 0.1 0.1 0.1 0.1 0.1 0.1 0.1 0.1 0.1 0.1 0
141 0.1 0.1 0.1 0.1 0.1 0.1 0.1 0.1 0.1 0.1 0
142 0.1 0.1 0.1 0.1 0.1 0.1 0.1 0.1 0.1 0.1 0
143 0.1 0.1 0.1 0.1 0.1 0.1 0.1 0.1 0.1 0.1 0
144 0.1 0.1 0.1 0.1 0.1 0.1 0.1 0.1 0.1 0.1 0
145 0.1 0.1 0.1 0.1 0.1 0.1 0.1 0.1 0.1 0.1 0
146 0.1 0.1 0.1 0.1 0.1 0.1 0.1 0.1 0.1 0.1 0
147 0.1 0.1 0.1 0.1 0.1 0.1 0.1 0.1 0.1 0.1 0
148 0.1 0.1 0.1 0.1 0.1 0.1 0.1 0.1 0.1 0.1 0
149 0.1 0.1 0.1 0.1 0.1 0.1 0.1 0.1 0.1 0.1 0
150 0.1 0.1 0.1 0.1 0.1 0.1 0.1 0.1 0.1 0.1 0
151 0.1 0.1 0.1 0.1 0.1 0.1 0.1 0.1 0.1 0.1 0
152 0.1 0.1 0.1 0.1 0.1 0.1 0.1 0.1 0.1 0.1 0
153 0.1 0.1 0.1 0.1 0.1 0.1 0.1 0.1 0.1 0.1 0
154 0.1 0.1 0.1 0.1 0.1 0.1 0.1 0.1 0.1 0.1 0
155 0.1 0.1 0.1 0.1 0.1 0.1 0.1 0.1 0.1 0.1 0
156 0.1 0.1 0.1 0.1 0.1 0.1 0.1 0.1 0.1 0.1 0
157 0.1 0.1 0.1 0.1 0.1 0.1 0.1 0.1 0.1 0.1 0
158 0.1 0.1 0.1 0.1 0.1 0.1 0.1 0.1 0.1 0.1 0
159 0.1 0.1 0.1 0.1 0.1 0.1 0.1 0.1 0.1 0.1 0
160 0.1 0.1 0.1 0.1 0.1 0.1 0.1 0.1 0.1 0.1 0
161 0.1 0.1 0.1 0.1 0.1 0.1 0.1 0.1 0.1 0.1 0
162 0.1 0.1 0.1 0.1 0.1 0.1 0.1 0.1 0.1 0.1 0
163 0.1 0.1 0.1 0.1 0.1 0.1 0.1 0.1 0.1 0.1 0
164 0.1 0.1 0.1 0.1 0.1 0.1 0.1 0.1 0.1 0.1 0
165 0.1 0.1 0.1 0.1 0.1 0.1 0.1 0.1 0.1 0.1 0
166 0.1 0.1 0.1 0.1 0.1 0.1 0.1 0.1 0.1 0.1 0
167 0.1 0.1 0.1 0.1 0.1 0.1 0.1 0.1 0.1 0.1 0
168 0.1 0.1 0.1 0.1 0.1 0.1 0.1 0.1 0.1 0.1 0
169 0.1 0.1 0.1 0.1 0.1 0.1 0.1 0.1 0.1 0.1 0
170 0.1 0.1 0.1 0.1 0.1 0.1 0.1 0.1 0.1 0.1 0
171 0.1 0.1 0.1 0.1 0.1 0.1 0.1 0.1 0.1 0.1 0
172 0.1 0.1 0.1 0.1 0.1 0.1 0.1 0.1 0.1 0.1 0
173 0.1 0.1 0.1 0.1 0.1 0.1 0.1 0.1 0.1 0.1 0
174 0.1 0.1 0.1 0.1 0.1 0.1 0.1 0.1 0.1 0.1 0
175 0.1 0.1 0.1 0.1 0.1 0.1 0.1 0.1 0.1 0.1 0
176 0.1 0.1 0.1 0.1 0.1 0.1 0.1 0.1 0.1 0.1 0
177 0.1 0.1 0.1 0.1 0.1 0.1 0.1 0.1 0.1 0.1 0
178 0.1 0.1 0.1 0.1 0.1 0.1 0.1 0.1 0.1 0.1 0
179 0.1 0.1 0.1 0.1 0.1 0.1 0.1 0.1 0.1 0.1 0
180 0.1 0.1 0.1 0.1 0.1 0.1 0.1 0.1 0.1 0.1 0
181 0.1 0.1 0.1 0.1 0.1 0.1 0.1 0.1 0.1 0.1 0
182 0.1 0.1 0.1 0.1 0.1 0.1 0.1 0.1 0.1 0.1 0
183 0.1 0.1 0.1 0.1 0.1 0.1 0.1 0.1 0.1 0.1 0
184 0.1 0.1 0.1 0.1 0.1 0.1 0.1 0.1 0.1 0.1 0
185 0.1 0.1 0.1 0.1 0.1 0.1 0.1 0.1 0.1 0.1 0
186 0.1 0.1 0.1 0.1 0.1 0.1 0.1 0.1 0.1 0.1 0
187 0.1 0.1 0.1 0.1 0.1 0.1 0.1 0.1 0.1 0.1 0
188 0.1 0.1 0.1 0.1 0.1 0.1 0.1 0.1 0.1 0.1 0
189 0.1 0.1 0.1 0.1 0.1 0.1 0.1 0.1 0.1 0.1 0
190 0.1 0.1 0.1 0.1 0.1 0.1 0.1 0.1 0.1 0.1 0
191 0.1 0.1 0.1 0.1 0.1 0.1 0.1 0.1 0.1 0.1 0
192 0.1 0.1 0.1 0.1 0.1 0.1 0.1 0.1 0.1 0.1 0
193 0.1 0.1 0.1 0.1 0.1 0.1 0.1 0.1 0.1 0.1 0
194 0.1 0.1 0.1 0.1 0.1 0.1 0.1 0.1 0.1 0.1 0
195 0.1 0.1 0.1 0.1 0.1 0.1 0.1 0.1 0.1 0.1 0
196 0.1 0.1 0.1 0.1 0.1 0.1 0.1 0.1 0.1 0.1 0
197 0.1 0.1 0.1 0.1 0.1 0.1 0.1 0.1 0.1 0.1 0
198 0.1 0.1 0.1 0.1 0.1 0.1 0.1 0.1 0.1 0.1 0
199 0.1 0.1 0.1 0.1 0.1 0.1 0.1 0.1 0.1 0.1 0
200 0.1 0.1 0.1 0.1 0.1 0.1 0.1 0.1 0.1 0.1 0
201 0.1 0.1 0.1 0.1 0.1 0.1 0.1 0.1 0.1 0.1 0
202 0.1 0.1 0.1 0.1 0.1 0.1 0.1 0.1 0.1 0.1 0
203 0.1 0.1 0.1 0.1 0.1 0.1 0.1 0.1 0.1 0.1 0
204 0.1 0.1 0.1 0.1 0.1 0.1 0.1 0.1 0.1 0.1 0
205 0.1 0.1 0.1 0.1 0.1 0.1 0.1 0.1 0.1 0.1 0
206 0.1 0.1 0.1 0.1 0.1 0.1 0.1 0.1 0.1 0.1 0
207 0.1 0.1 0.1 0.1 0.1 0.1 0.1 0.1 0.1 0.1 0
208 0.1 0.1 0.1 0.1 0.1 0.1 0.1 0.1 0.1 0.1 0
209 0.1 0.1 0.1 0.1 0.1 0.1 0.1 0.1 0.1 0.1 0
210 0.1 0.1 0.1 0.1 0.1 0.1 0.1 0.1 0.1 0.1 0
211 0.1 0.1 0.1 0.1 0.1 0.1 0.1 0.1 0.1 0.1 0
212 0.1 0.1 0.1 0.1 0.1 0.1 0.1 0.1 0.1 0.1 0
213 0.1 0.1 0.1 0.1 0.1 0.1 0.1 0.1 0.1 0.1 0
214 0.1 0.1 0.1 0.1 0.1 0.1 0.1 0.1 0.1 0.1 0
215 0.1 0.1 0.1 0.1 0.1 0.1 0.1 0.1 0.1 0.1 0
216 0.1 0.1 0.1 0.1 0.1 0.1 0.1 0.1 0.1 0.1 0
217 0.1 0.1 0.1 0.1 0.1 0.1 0.1 0.1 0.1 0.1 0
218 0.1 0.1 0.1 0.1 0.1 0.1 0.1 0.1 0.1 0.1 0
219 0.1 0.1 0.1 0.1 0.1 0.1 0.1 0.1 0.1 0.1 0
220 0.1 0.1 0.1 0.1 0.1 0.1 0.1 0.1 0.1 0.1 0
221 0.1 0.1 0.1 0.1 0.1 0.1 0.1 0.1 0.1 0.1 0
222 0.1 0.1 0.1 0.1 0.1 0.1 0.1 0.1 0.1 0.1 0
223 0.1 0.1 0.1 0.1 0.1 0.1 0.1 0.1 0.1 0.1 0
224 0.1 0.1 0.1 0.1 0.1 0.1 0.1 0.1 0.1 0.1 0
225 0.1 0.1 0.1 0.1 0.1 0.1 0.1 0.1 0.1 0.1 0
226 0.1 0.1 0.1 0.1 0.1 0.1 0.1 0.1 0.1 0.1 0
227 0.1 0.1 0.1 0.1 0.1 0.1 0.1 0.1 0.1 0.1 0
228 0.1 0.1 0.1 0.1 0.1 0.1 0.1 0.1 0.1 0.1 0
229 0.1 0.1 0.1 0.1 0.1 0.1 0.1 0.1 0.1 0.1 0
230 0.1 0.1 0.1 0.1 0.1 0.1 0.1 0.1 0.1 0.1 0
231 0.1 0.1 0.1 0.1 0.1 0.1 0.1 0.1 0.1 0.1 0
232 0.1 0.1 0.1 0.1 0.1 0.1 0.1 0.1 0.1 0.1 0
233 0.1 0.1 0.1 0.1 0.1 0.1 0.1 0.1 0.1 0.1 0
234 0.1 0.1 0.1 0.1 0.1 0.1 0.1 0.1 0.1 0.1 0
235 0.1 0.1 0.1 0.1 0.1 0.1 0.1 0.1 0.1 0.1 0
236 0.1 0.1 0.1 0.1 0.1 0.1 0.1 0.1 0.1 0.1 0
237 0.1 0.1 0.1 0.1 0.1 0.1 0.1 0.1 0.1 0.1 0
238 0.1 0.1 0.1 0.1 0.1 0.1 0.1 0.1 0.1 0.1 0
239 0.1 0.1 0.1 0.1 0.1 0.1 0.1 0.1 0.1 0.1 0
240 0.1 0.1 0.1 0.1 0.1 0.1 0.1 0.1 0.1 0.1 0
241 0.1 0.1 0.1 0.1 0.1 0.1 0.1 0.1 0.1 0.1 0
242 0.1 0.1 0.1 0.1 0.1 0.1 0.1 0.1 0.1 0.1 0
243 0.1 0.1 0.1 0.1 0.1 0.1 0.1 0.1 0.1 0.1 0
244 0.1 0.1 0.1 0.1 0.1 0.1 0.1 0.1 0.1 0.1 0
245 0.1 0.1 0.1 0.1 0.1 0.1 0.1 0.1 0.1 0.1 0
246 0.1 0.1 0.1 0.1 0.1 0.1 0.1 0.1 0.1 0.1 0
247 0.1 0.1 0.1 0.1 0.1 0.1 0.1 0.1 0.1 0.1 0
248 0.1 0.1 0.1 0.1 0.1 0.1 0.1 0.1 0.1 0.1 0
249 0.1 0.1 0.1 0.1 0.1 0.1 0.1 0.1 0.1 0.1 0
250 0.1 0.1 0.1 0.1 0.1 0.1 0.1 0.1 0.1 0.1 0
251 0.1 0.1 0.1 0.1 0.1 0.1 0.1 0.1 0.1 0.1 0
252 0.1 0.1 0.1 0.1 0.1 0.1 0.1 0.1 0.1 0.1 0
253 0.1 0.1 0.1 0.1 0.1 0.1 0.1 0.1 0.1 0.1 0
254 0.1 0.1 0.1 0.1 0.1 0.1 0.1 0.1 0.1 0.1 0
255 0.1 0.1 0.1 0.1 0.1 0.1 0.1 0.1 0.1 0.1 0
256 0.1 0.1 0.1 0.1 0.1 0.1 0.1 0.1 0.1 0.1 0
257 0.1 0.1 0.1 0.1 0.1 0.1 0.1 0.1 0.1 0.1 0
258 0.1 0.1 0.1 0.1 0.1 0.1 0.1 0.1 0.1 0.1 0
259 0.1 0.1 0.1 0.1 0.1 0.1 0.1 0.1 0.1 0.1 0
260 0.1 0.1 0.1 0.1 0.1 0.1 0.1 0.1 0.1 0.1 0
261 0.1 0.1 0.1 0.1 0.1 0.1 0.1 0.1 0.1 0.1 0
262 0.1 0.1 0.1 0.1 0.1 0.1 0.1 0.1 0.1 0.1 0
263 0.1 0.1 0.1 0.1 0.1 0.1 0.1 0.1 0.1 0.1 0
264 0.1 0.1 0.1 0.1 0.1 0.1 0.1 0.1 0.1 0.1 0
265 0.1 0.1 0.1 0.1 0.1 0.1 0.1 0.1 0.1 0.1 0
266 0.1 0.1 0.1 0.1 0.1 0.1 0.1 0.1 0.1 0.1 0
267 0.1 0.1 0.1 0.1 0.1 0.1 0.1 0.1 0.1 0.1 0
268 0.1 0.1 0.1 0.1 0.1 0.1 0.1 0.1 0.1 0.1 0
269 0.1 0.1 0.1 0.1 0.1 0.1 0.1 0.1 0.1 0.1 0
270 0.1 0.1 0.1 0.1 0.1 0.1 0.1 0.1 0.1 0.1 0
271 0.1 0.1 0.1 0.1 0.1 0.1 0.1 0.1 0.1 0.1 0
272 0.1 0.1 0.1 0.1 0.1 0.1 0.1 0.1 0.1 0.1 0
273 0.1 0.1 0.1 0.1 0.1 0.1 0.1 0.1 0.1 0.1 0
274 0.1 0.1 0.1 0.1 0.1 0.1 0.1 0.1 0.1 0.1 0
275 0.1 0.1 0.1 0.1 0.1 0.1 0.1 0.1 0.1 0.1 0
276 0.1 0.1 0.1 0.1 0.1 0.1 0.1 0.1 0.1 0.1 0
277 0.1 0.1 0.1 0.1 0.1 0.1 0.1 0.1 0.1 0.1 0
278 0.1 0.1 0.1 0.1 0.1 0.1 0.1 0.1 0.1 0.1 0
279 0.1 0.1 0.1 0.1 0.1 0.1 0.1 0.1 0.1 0.1 0
280 0.1 0.1 0.1 0.1 0.1 0.1 0.1 0.1 0.1 0.1 0
281 0.1 0.1 0.1 0.1 0.1 0.1 0.1 0.1 0.1 0.1 0
282 0.1 0.1 0.1 0.1 0.1 0.1 0.1 0.1 0.1 0.1 0
283 0.1 0.1 0.1 0.1 0.1 0.1 0.1 0.1 0.1 0.1 0
284 0.1 0.1 0.1 0.1 0.1 0.1 0.1 0.1 0.1 0.1 0
285 0.1 0.1 0.1 0.1 0.1 0.1 0.1 0.1 0.1 0.1 0
286 0.1 0.1 0.1 0.1 0.1 0.1 0.1 0.1 0.1 0.1 0
287 0.1 0.1 0.1 0.1 0.1 0.1 0.1 0.1 0.1 0.1 0
288 0.1 0.1 0.1 0.1 0.1 0.1 0.1 0.1 0.1 0.1 0
289 0.1 0.1 0.1 0.1 0.1 0.1 0.1 0.1 0.1 0.1 0
290 0.1 0.1 0.1 0.1 0.1 0.1 0.1 0.1 0.1 0.1 0
291 0.1 0.1 0.1 0.1 0.1 0.1 0.1 0.1 0.1 0.1 0
292 0.1 0.1 0.1 0.1 0.1 0.1 0.1 0.1 0.1 0.1 0
293 0.1 0.1 0.1 0.1 0.1 0.1 0.1 0.1 0.1 0.1 0
294 0.1 0.1 0.1 0.1 0.1 0.1 0.1 0.1 0.1 0.1 0
295 0.1 0.1 0.1 0.1 0.1 0.1 0.1 0.1 0.1 0.1 0
296 0.1 0.1 0.1 0.1 0.1 0.1 0.1 0.1 0.1 0.1 0
297 0.1 0.1 0.1 0.1 0.1 0.1 0.1 0.1 0.1 0.1 0
298 0.1 0.1 0.1 0.1 0.1 0.1 0.1 0.1 0.1 0.1 0
299 0.1 0.1 0.1 0.1 0.1 0.1 0.1 0.1 0.1 0.1 0
300 0.1 0.1 0.1 0.1 0.1 0.1 0.1 0.1 0.1 0.1 1
301 0.1 0.1 0.1 0.1 0.1 0.1 0.1 0.1 0.1 0.1 1
302 0.1 0.1 0.1 0.1 0.1 0.1 0.1 0.1 0.1 0.1 2
303 0.1 0.1 0.1 0.1 0.1 0.1 0.1 0.1 0.1 0.1 2
304 0.1 0.1 0.1 0.1 0.1 0.1 0.1 0.1 0.1 0.1 3
305 0.1 0.1 0.1 0.1 0.1 0.1 0.1 0.1 0.1 0.1 1
306 0.1 0.1 0.1 0.1 0.1 0.1 0.1 0.1 0.1 0.1 1
307 0.1 0.1 0.1 0.1 0.1 0.1 0.1 0.1 0.1 0.1 2
308 0.1 0.1 0.1 0.1 0.1 0.1 0.1 0.1 0.1 0.1 2
309 0.1 0.1 0.1 0.1 0.1 0.1 0.1 0.1 0.1 0.1 3
310 0.1 0.1 0.1 0.1 0.1 0.1 0.1 0.1 0.1 0.1 1
311 0.1 0.1 0.1 0.1 0.1 0.1 0.1 0.1 0.1 0.1 1
312 0.1 0.1 0.1 0.1 0.1 0.1 0.1 0.1 0.1 0.1 2
313 0.1 0.1 0.1 0.1 0.1 0.1 0.1 0.1 0.1 0.1 2
314 0.1 0.1 0.1 0.1 0.1 0.1 0.1 0.1 0.1 0.1 3
315 0.1 0.1 0.1 0.1 0.1 0.1 0.1 0.1 0.1 0.1 1
316 0.1 0.1 0.1 0.1 0.1 0.1 0.1 0.1 0.1 0.1 1
317 0.1 0.1 0.1 0.1 0.1 0.1 0.1 0.1 0.1 0.1 2
318 0.1 0.1 0.1 0.1 0.1 0.1 0.1 0.1 0.1 0.1 2
319 0.1 0.1 0.1 0.1 0.1 0.1 0.1 0.1 0.1 0.1 3
320 0.1 0.1 0.1 0.1 0.1 0.1 0.1 0.1 0.1 0.1 1
321 0.1 0.1 0.1 0.1 0.1 0.1 0.1 0.1 0.1 0.1 1
322 0.1 0.1 0.1 0.1 0.1 0.1 0.1 0.1 0.1 0.1 2
323 0.1 0.1 0.1 0.1 0.1 0.1 0.1 0.1 0.1 0.1 2
324 0.1 0.1 0.1 0.1 0.1 0.1 0.1 0.1 0.1 0.1 3
325 0.1 0.1 0.1 0.1 0.1 0.1 0.1 0.1 0.1 0.1 1
326 0.1 0.1 0.1 0.1 0.1 0.1 0.1 0.1 0.1 0.1 1
327 0.1 0.1 0.1 0.1 0.1 0.1 0.1 0.1 0.1 0.1 2
328 0.1 0.1 0.1 0.1 0.1 0.1 0.1 0.1 0.1 0.1 2
329 0.1 0.1 0.1 0.1 0.1 0.1 0.1 0.1 0.1 0.1 3
330 0.1 0.1 0.1 0.1 0.1 0.1 0.1 0.1 0.1 0.1 1
331 0.1 0.1 0.1 0.1 0.1 0.1 0.1 0.1 0.1 0.1 1
332 0.1 0.1 0.1 0.1 0.1 0.1 0.1 0.1 0.1 0.1 2
333 0.1 0.1 0.1 0.1 0.1 0.1 0.1 0.1 0.1 0.1 2
334 0.1 0.1 0.1 0.1 0.1 0.1 0.1 0.1 0.1 0.1 3
335 0.1 0.1 0.1 0.1 0.1 0.1 0.1 0.1 0.1 0.1 1
336 0.1 0.1 0.1 0.1 0.1 0.1 0.1 0.1 0.1 0.1 1
337 0.1 0.1 0.1 0.1 0.1 0.1 0.1 0.1 0.1 0.1 2
338 0.1 0.1 0.1 0.1 0.1 0.1 0.1 0.1 0.1 0.1 2
339 0.1 0.1 0.1 0.1 0.1 0.1 0.1 0.1 0.1 0.1 3
340 0.1 0.1 0.1 0.1 0.1 0.1 0.1 0.1 0.1 0.1 1
341 0.1 0.1 0.1 0.1 0.1 0.1 0.1 0.1 0.1 0.1 1
342 0.1 0.1 0.1 0.1 0.1 0.1 0.1 0.1 0.1 0.1 2
343 0.1 0.1 0.1 0.1 0.1 0.1 0.1 0.1 0.1 0.1 2
344 0.1 0.1 0.1 0.1 0.1 0.1 0.1 0.1 0.1 0.1 3
345 0.1 0.1 0.1 0.1 0.1 0.1 0.1 0.1 0.1 0.1 1
346 0.1 0.1 0.1 0.1 0.1 0.1 0.1 0.1 0.1 0.1 1
347 0.1 0.1 0.1 0.1 0.1 0.1 0.1 0.1 0.1 0.1 2
348 0.1 0.1 0.1 0.1 0.1 0.1 0.1 0.1 0.1 0.1 2
349 0.1 0.1 0.1 0.1 0.1 0.1 0.1 0.1 0.1 0.1 3
350 0.1 0.1 0.1 0.1 0.1 0.1 0.1 0.1 0.1 0.1 1
351 0.1 0.1 0.1 0.1 0.1 0.1 0.1 0.1 0.1 0.1 1
352 0.1 0.1 0.1 0.1 0.1 0.1 0.1 0.1 0.1 0.1 2
353 0.1 0.1 0.1 0.1 0.1 0.1 0.1 0.1 0.1 0.1 2
354 0.1 0.1 0.1 0.1 0.1 0.1 0.1 0.1 0.1 0.1 3
355 0.1 0.1 0.1 0.1 0.1 0.1 0.1 0.1 0.1 0.1 1
356 0.1 0.1 0.1 0.1 0.1 0.1 0.1 0.1 0.1 0.1 1
357 0.1 0.1 0.1 0.1 0.1 0.1 0.1 0.1 0.1 0.1 2
358 0.1 0.1 0.1 0.1 0.1 0.1 0.1 0.1 0.1 0.1 2
359 0.1 0.1 0.1 0.1 0.1 0.1 0.1 0.1 0.1 0.1 3
360 0.1 0.1 0.1 0.1 0.1 0.1 0.1 0.1 0.1 0.1 1
361 0.1 0.1 0.1 0.1 0.1 0.1 0.1 0.1 0.1 0.1 1
362 0.1 0.1 0.1 0.1 0.1 0.1 0.1 0.1 0.1 0.1 2
363 0.1 0.1 0.1 0.1 0.1 0.1 0.1 0.1 0.1 0.1 2
364 0.1 0.1 0.1 0.1 0.1 0.1 0.1 0.1 0.1 0.1 3
365 0.1 0.1 0.1 0.1 0.1 0.1 0.1 0.1 0.1 0.1 1
366 0.1 0.1 0.1 0.1 0.1 0.1 0.1 0.1 0.1 0.1 1
367 0.1 0.1 0.1 0.1 0.1 0.1 0.1 0.1 0.1 0.1 2
368 0.1 0.1 0.1 0.1 0.1 0.1 0.1 0.1 0.1 0.1 2
369 0.1 0.1 0.1 0.1 0.1 0.1 0.1 0.1 0.1 0.1 3
370 0.1 0.1 0.1 0.1 0.1 0.1 0.1 0.1 0.1 0.1 1
371 0.1 0.1 0.1 0.1 0.1 0.1 0.1 0.1 0.1 0.1 1
372 0.1 0.1 0.1 0.1 0.1 0.1 0.1 0.1 0.1 0.1 2
373 0.1 0.1 0.1 0.1 0.1 0.1 0.1 0.1 0.1 0.1 2
374 0.1 0.1 0.1 0.1 0.1 0.1 0.1 0.1 0.1 0.1 3
375 0.1 0.1 0.1 0.1 0.1 0.1 0.1 0.1 0.1 0.1 1
376 0.1 0.1 0.1 0.1 0.1 0.1 0.1 0.1 0.1 0.1 1
377 0.1 0.1 0.1 0.1 0.1 0.1 0.1 0.1 0.1 0.1 2
378 0.1 0.1 0.1 0.1 0.1 0.1 0.1 0.1 0.1 0.1 2
379 0.1 0.1 0.1 0.1 0.1 0.1 0.1 0.1 0.1 0.1 3
380 0.1 0.1 0.1 0.1 0.1 0.1 0.1 0.1 0.1 0.1 1
381 0.1 0.1 0.1 0.1 0.1 0.1 0.1 0.1 0.1 0.1 1
382 0.1 0.1 0.1 0.1 0.1 0.1 0.1 0.1 0.1 0.1 2
383 0.1 0.1 0.1 0.1 0.1 0.1 0.1 0.1 0.1 0.1 2
384 0.1 0.1 0.1 0.1 0.1 0.1 0.1 0.1 0.1 0.1 3
385 0.1 0.1 0.1 0.1 0.1 0.1 0.1 0.1 0.1 0.1 1
386 0.1 0.1 0.1 0.1 0.1 0.1 0.1 0.1 0.1 0.1 1
387 0.1 0.1 0.1 0.1 0.1 0.1 0.1 0.1 0.1 0.1 2
388 0.1 0.1 0.1 0.1 0.1 0.1 0.1 0.1 0.1 0.1 2
389 0.1 0.1 0.1 0.1 0.1 0.1 0.1 0.1 0.1 0.1 3
390 0.1 0.1 0.1 0.1 0.1 0.1 0.1 0.1 0.1 0.1 1
391 0.1 0.1 0.1 0.1 0.1 0.1 0.1 0.1 0.1 0.1 1
392 0.1 0.1 0.1 0.1 0.1 0.1 0.1 0.1 0.1 0.1 2
393 0.1 0.1 0.1 0.1 0.1 0.1 0.1 0.1 0.1 0.1 2
394 0.1 0.1 0.1 0.1 0.1 0.1 0.1 0.1 0.1 0.1 3
395 0.1 0.1 0.1 0.1 0.1 0.1 0.1 0.1 0.1 0.1 1
396 0.1 0.1 0.1 0.1 0.1 0.1 0.1 0.1 0.1 0.1 1
397 0.1 0.1 0.1 0.1 0.1 0.1 0.1 0.1 0.1 0.1 2
398 0.1 0.1 0.1 0.1 0.1 0.1 0.1 0.1 0.1 0.1 2
399 0.1 0.1 0.1 0.1 0.1 0.1 0.1 0.1 0.1 0.1 3
400 0.1 0.1 0.1 0.1 0.1 0.1 0.1 0.1 0.1 0.1 1
401 0.1 0.1 0.1 0.1 0.1 0.1 0.1 0.1 0.1 0.1 1
402 0.1 0.1 0.1 0.1 0.1 0.1 0.1 0.1 0.1 0.1 2
403 0.1 0.1 0.1 0.1 0.1 0.1 0.1 0.1 0.1 0.1 2
404 0.1 0.1 0.1 0.1 0.1 0.1 0.1 0.1 0.1 0.1 3
405 0.1 0.1 0.1 0.1 0.1 0.1 0.1 0.1 0.1 0.1 1
406 0.1 0.1 0.1 0.1 0.1 0.1 0.1 0.1 0.1 0.1 1
407 0.1 0.1 0.1 0.1 0.1 0.1 0.1 0.1 0.1 0.1 2
408 0.1 0.1 0.1 0.1 0.1 0.1 0.1 0.1 0.1 0.1 2
409 0.1 0.1 0.1 0.1 0.1 0.1 0.1 0.1 0.1 0.1 3
410 0.1 0.1 0.1 0.1 0.1 0.1 0.1 0.1 0.1 0.1 1
411 0.1 0.1 0.1 0.1 0.1 0.1 0.1 0.1 0.1 0.1 1
412 0.1 0.1 0.1 0.1 0.1 0.1 0.1 0.1 0.1 0.1 2
413 0.1 0.1 0.1 0.1 0.1 0.1 0.1 0.1 0.1 0.1 2
414 0.1 0.1 0.1 0.1 0.1 0.1 0.1 0.1 0.1 0.1 3
415 0.1 0.1 0.1 0.1 0.1 0.1 0.1 0.1 0.1 0.1 1
416 0.1 0.1 0.1 0.1 0.1 0.1 0.1 0.1 0.1 0.1 1
417 0.1 0.1 0.1 0.1 0.1 0.1 0.1 0.1 0.1 0.1 2
418 0.1 0.1 0.1 0.1 0.1 0.1 0.1 0.1 0.1 0.1 2
419 0.1 0.1 0.1 0.1 0.1 0.1 0.1 0.1 0.1 0.1 3
420 0.1 0.1 0.1 0.1 0.1 0.1 0.1 0.1 0.1 0.1 1
421 0.1 0.1 0.1 0.1 0.1 0.1 0.1 0.1 0.1 0.1 1
422 0.1 0.1 0.1 0.1 0.1 0.1 0.1 0.1 0.1 0.1 2
423 0.1 0.1 0.1 0.1 0.1 0.1 0.1 0.1 0.1 0.1 2
424 0.1 0.1 0.1 0.1 0.1 0.1 0.1 0.1 0.1 0.1 3
425 0.1 0.1 0.1 0.1 0.1 0.1 0.1 0.1 0.1 0.1 1
426 0.1 0.1 0.1 0.1 0.1 0.1 0.1 0.1 0.1 0.1 1
427 0.1 0.1 0.1 0.1 0.1 0.1 0.1 0.1 0.1 0.1 2
428 0.1 0.1 0.1 0.1 0.1 0.1 0.1 0.1 0.1 0.1 2
429 0.1 0.1 0.1 0.1 0.1 0.1 0.1 0.1 0.1 0.1 3
430 0.1 0.1 0.1 0.1 0.1 0.1 0.1 0.1 0.1 0.1 1
431 0.1 0.1 0.1 0.1 0.1 0.1 0.1 0.1 0.1 0.1 1
432 0.1 0.1 0.1 0.1 0.1 0.1 0.1 0.1 0.1 0.1 2
433 0.1 0.1 0.1 0.1 0.1 0.1 0.1 0.1 0.1 0.1 2
434 0.1 0.1 0.1 0.1 0.1 0.1 0.1 0.1 0.1 0.1 3
435 0.1 0.1 0.1 0.1 0.1 0.1 0.1 0.1 0.1 0.1 1
436 0.1 0.1 0.1 0.1 0.1 0.1 0.1 0.1 0.1 0.1 1
437 0.1 0.1 0.1 0.1 0.1 0.1 0.1 0.1 0.1 0.1 2
438 0.1 0.1 0.1 0.1 0.1 0.1 0.1 0.1 0.1 0.1 2
439 0.1 0.1 0.1 0.1 0.1 0.1 0.1 0.1 0.1 0.1 3
440 0.1 0.1 0.1 0.1 0.1 0.1 0.1 0.1 0.1 0.1 1
441 0.1 0.1 0.1 0.1 0.1 0.1 0.1 0.1 0.1 0.1 1
442 0.1 0.1 0.1 0.1 0.1 0.1 0.1 0.1 0.1 0.1 2
443 0.1 0.1 0.1 0.1 0.1 0.1 0.1 0.1 0.1 0.1 2
444 0.1 0.1 0.1 0.1 0.1 0.1 0.1 0.1 0.1 0.1 3
445 0.1 0.1 0.1 0.1 0.1 0.1 0.1 0.1 0.1 0.1 1
446 0.1 0.1 0.1 0.1 0.1 0.1 0.1 0.1 0.1 0.1 1
447 0.1 0.1 0.1 0.1 0.1 0.1 0.1 0.1 0.1 0.1 2
448 0.1 0.1 0.1 0.1 0.1 0.1 0.1 0.1 0.1 0.1 2
449 0.1 0.1 0.1 0.1 0.1 0.1 0.1 0.1 0.1 0.1 3
450 0.1 0.1 0.1 0.1 0.1 0.1 0.1 0.1 0.1 0.1 1
451 0.1 0.1 0.1 0.1 0.1 0.1 0.1 0.1 0.1 0.1 1
452 0.1 0.1 0.1 0.1 0.1 0.1 0.1 0.1 0.1 0.1 2
453 0.1 0.1 0.1 0.1 0.1 0.1 0.1 0.1 0.1 0.1 2
454 0.1 0.1 0.1 0.1 0.1 0.1 0.1 0.1 0.1 0.1 3
455 0.1 0.1 0.1 0.1 0.1 0.1 0.1 0.1 0.1 0.1 1
456 0.1 0.1 0.1 0.1 0.1 0.1 0.1 0.1 0.1 0.1 1
457 0.1 0.1 0.1 0.1 0.1 0.1 0.1 0.1 0.1 0.1 2
458 0.1 0.1 0.1 0.1 0.1 0.1 0.1 0.1 0.1 0.1 2
459 0.1 0.1 0.1 0.1 0.1 0.1 0.1 0.1 0.1 0.1 3
460 0.1 0.1 0.1 0.1 0.1 0.1 0.1 0.1 0.1 0.1 1
461 0.1 0.1 0.1 0.1 0.1 0.1 0.1 0.1 0.1 0.1 1
462 0.1 0.1 0.1 0.1 0.1 0.1 0.1 0.1 0.1 0.1 2
463 0.1 0.1 0.1 0.1 0.1 0.1 0.1 0.1 0.1 0.1 2
464 0.1 0.1 0.1 0.1 0.1 0.1 0.1 0.1 0.1 0.1 3
465 0.1 0.1 0.1 0.1 0.1 0.1 0.1 0.1 0.1 0.1 1
466 0.1 0.1 0.1 0.1 0.1 0.1 0.1 0.1 0.1 0.1 1
467 0.1 0.1 0.1 0.1 0.1 0.1 0.1 0.1 0.1 0.1 2
468 0.1 0.1 0.1 0.1 0.1 0.1 0.1 0.1 0.1 0.1 2
469 0.1 0.1 0.1 0.1 0.1 0.1 0.1 0.1 0.1 0.1 3
470 0.1 0.1 0.1 0.1 0.1 0.1 0.1 0.1 0.1 0.1 1
471 0.1 0.1 0.1 0.1 0.1 0.1 0.1 0.1 0.1 0.1 1
472 0.1 0.1 0.1 0.1 0.1 0.1 0.1 0.1 0.1 0.1 2
473 0.1 0.1 0.1 0.1 0.1 0.1 0.1 0.1 0.1 0.1 2
474 0.1 0.1 0.1 0.1 0.1 0.1 0.1 0.1 0.1 0.1 3
475 0.1 0.1 0.1 0.1 0.1 0.1 0.1 0.1 0.1 0.1 1
476 0.1 0.1 0.1 0.1 0.1 0.1 0.1 0.1 0.1 0.1 1
477 0.1 0.1 0.1 0.1 0.1 0.1 0.1 0.1 0.1 0.1 2
478 0.1 0.1 0.1 0.1 0.1 0.1 0.1 0.1 0.1 0.1 2
479 0.1 0.1 0.1 0.1 0.1 0.1 0.1 0.1 0.1 0.1 3
480 0.1 0.1 0.1 0.1 0.1 0.1 0.1 0.1 0.1 0.1 1
481 0.1 0.1 0.1 0.1 0.1 0.1 0.1 0.1 0.1 0.1 1
482 0.1 0.1 0.1 0.1 0.1 0.1 0.1 0.1 0.1 0.1 2
483 0.1 0.1 0.1 0.1 0.1 0.1 0.1 0.1 0.1 0.1 2
484 0.1 0.1 0.1 0.1 0.1 0.1 0.1 0.1 0.1 0.1 3
485 0.1 0.1 0.1 0.1 0.1 0.1 0.1 0.1 0.1 0.1 1
486 0.1 0.1 0.1 0.1 0.1 0.1 0.1 0.1 0.1 0.1 1
487 0.1 0.1 0.1 0.1 0.1 0.1 0.1 0.1 0.1 0.1 2
488 0.1 0.1 0.1 0.1 0.1 0.1 0.1 0.1 0.1 0.1 2
489 0.1 0.1 0.1 0.1 0.1 0.1 0.1 0.1 0.1 0.1 3
490 0.1 0.1 0.1 0.1 0.1 0.1 0.1 0.1 0.1 0.1 1
491 0.1 0.1 0.1 0.1 0.1 0.1 0.1 0.1 0.1 0.1 1
492 0.1 0.1 0.1 0.1 0.1 0.1 0.1 0.1 0.1 0.1 2
493 0.1 0.1 0.1 0.1 0.1 0.1 0.1 0.1 0.1 0.1 2
494 0.1 0.1 0.1 0.1 0.1 0.1 0.1 0.1 0.1 0.1 3
495 0.1 0.1 0.1 0.1 0.1 0.1 0.1 0.1 0.1 0.1 1
496 0.1 0.1 0.1 0.1 0.1 0.1 0.1 0.1 0.1 0.1 1
497 0.1 0.1 0.1 0.1 0.1 0.1 0.1 0.1 0.1 0.1 2
498 0.1 0.1 0.1 0.1 0.1 0.1 0.1 0.1 0.1 0.1 2
499 0.1 0.1 0.1 0.1 0.1 0.1 0.1 0.1 0.1 0.1 3
500 0.1 0.1 0.1 0.1 0.1 0.1 0.1 0.1 0.1 0.1 1
501 0.1 0.1 0.1 0.1 0.1 0.1 0.1 0.1 0.1 0.1 1
502 0.1 0.1 0.1 0.1 0.1 0.1 0.1 0.1 0.1 0.1 2
503 0.1 0.1 0.1 0.1 0.1 0.1 0.1 0.1 0.1 0.1 2
504 0.1 0.1 0.1 0.1 0.1 0.1 0.1 0.1 0.1 0.1 3
505 0.1 0.1 0.1 0.1 0.1 0.1 0.1 0.1 0.1 0.1 1
506 0.1 0.1 0.1 0.1 0.1 0.1 0.1 0.1 0.1 0.1 1
507 0.1 0.1 0.1 0.1 0.1 0.1 0.1 0.1 0.1 0.1 2
508 0.1 0.1 0.1 0.1 0.1 0.1 0.1 0.1 0.1 0.1 2
509 0.1 0.1 0.1 0.1 0.1 0.1 0.1 0.1 0.1 0.1 3
510 0.1 0.1 0.1 0.1 0.1 0.1 0.1 0.1 0.1 0.1 1
511 0.1 0.1 0.1 0.1 0.1 0.1 0.1 0.1 0.1 0.1 1
512 0.1 0.1 0.1 0.1 0.1 0.1 0.1 0.1 0.1 0.1 2
513 0.1 0.1 0.1 0.1 0.1 0.1 0.1 0.1 0.1 0.1 2
514 0.1 0.1 0.1 0.1 0.1 0.1 0.1 0.1 0.1 0.1 3
515 0.1 0.1 0.1 0.1 0.1 0.1 0.1 0.1 0.1 0.1 1
516 0.1 0.1 0.1 0.1 0.1 0.1 0.1 0.1 0.1 0.1 1
517 0.1 0.1 0.1 0.1 0.1 0.1 0.1 0.1 0.1 0.1 2
518 0.1 0.1 0.1 0.1 0.1 0.1 0.1 0.1 0.1 0.1 2
519 0.1 0.1 0.1 0.1 0.1 0.1 0.1 0.1 0.1 0.1 3
520 0.1 0.1 0.1 0.1 0.1 0.1 0.1 0.1 0.1 0.1 1
521 0.1 0.1 0.1 0.1 0.1 0.1 0.1 0.1 0.1 0.1 1
522 0.1 0.1 0.1 0.1 0.1 0.1 0.1 0.1 0.1 0.1 2
523 0.1 0.1 0.1 0.1 0.1 0.1 0.1 0.1 0.1 0.1 2
524 0.1 0.1 0.1 0.1 0.1 0.1 0.1 0.1 0.1 0.1 3
525 0.1 0.1 0.1 0.1 0.1 0.1 0.1 0.1 0.1 0.1 1
526 0.1 0.1 0.1 0.1 0.1 0.1 0.1 0.1 0.1 0.1 1
527 0.1 0.1 0.1 0.1 0.1 0.1 0.1 0.1 0.1 0.1 2
528 0.1 0.1 0.1 0.1 0.1 0.1 0.1 0.1 0.1 0.1 2
529 0.1 0.1 0.1 0.1 0.1 0.1 0.1 0.1 0.1 0.1 3
530 0.1 0.1 0.1 0.1 0.1 0.1 0.1 0.1 0.1 0.1 1
531 0.1 0.1 0.1 0.1 0.1 0.1 0.1 0.1 0.1 0.1 1
532 0.1 0.1 0.1 0.1 0.1 0.1 0.1 0.1 0.1 0.1 2
533 0.1 0.1 0.1 0.1 0.1 0.1 0.1 0.1 0.1 0.1 2
534 0.1 0.1 0.1 0.1 0.1 0.1 0.1 0.1 0.1 0.1 3
535 0.1 0.1 0.1 0.1 0.1 0.1 0.1 0.1 0.1 0.1 1
536 0.1 0.1 0.1 0.1 0.1 0.1 0.1 0.1 0.1 0.1 1
537 0.1 0.1 0.1 0.1 0.1 0.1 0.1 0.1 0.1 0.1 2
538 0.1 0.1 0.1 0.1 0.1 0.1 0.1 0.1 0.1 0.1 2
539 0.1 0.1 0.1 0.1 0.1 0.1 0.1 0.1 0.1 0.1 3
540 0.1 0.1 0.1 0.1 0.1 0.1 0.1 0.1 0.1 0.1 1
541 0.1 0.1 0.1 0.1 0.1 0.1 0.1 0.1 0.1 0.1 1
542 0.1 0.1 0.1 0.1 0.1 0.1 0.1 0.1 0.1 0.1 2
543 0.1 0.1 0.1 0.1 0.1 0.1 0.1 0.1 0.1 0.1 2
544 0.1 0.1 0.1 0.1 0.1 0.1 0.1 0.1 0.1 0.1 3
545 0.1 0.1 0.1 0.1 0.1 0.1 0.1 0.1 0.1 0.1 1
546 0.1 0.1 0.1 0.1 0.1 0.1 0.1 0.1 0.1 0.1 1
547 0.1 0.1 0.1 0.1 0.1 0.1 0.1 0.1 0.1 0.1 2
548 0.1 0.1 0.1 0.1 0.1 0.1 0.1 0.1 0.1 0.1 2
549 0.1 0.1 0.1 0.1 0.1 0.1 0.1 0.1 0.1 0.1 3
550 0.1 0.1 0.1 0.1 0.1 0.1 0.1 0.1 0.1 0.1 1
551 0.1 0.1 0.1 0.1 0.1 0.1 0.1 0.1 0.1 0.1 1
552 0.1 0.1 0.1 0.1 0.1 0.1 0.1 0.1 0.1 0.1 2
553 0.1 0.1 0.1 0.1 0.1 0.1 0.1 0.1 0.1 0.1 2
554 0.1 0.1 0.1 0.1 0.1 0.1 0.1 0.1 0.1 0.1 3
555 0.1 0.1 0.1 0.1 0.1 0.1 0.1 0.1 0.1 0.1 1
556 0.1 0.1 0.1 0.1 0.1 0.1 0.1 0.1 0.1 0.1 1
557 0.1 0.1 0.1 0.1 0.1 0.1 0.1 0.1 0.1 0.1 2
558 0.1 0.1 0.1 0.1 0.1 0.1 0.1 0.1 0.1 0.1 2
559 0.1 0.1 0.1 0.1 0.1 0.1 0.1 0.1 0.1 0.1 3
560 0.1 0.1 0.1 0.1 0.1 0.1 0.1 0.1 0.1 0.1 1
561 0.1 0.1 0.1 0.1 0.1 0.1 0.1 0.1 0.1 0.1 1
562 0.1 0.1 0.1 0.1 0.1 0.1 0.1 0.1 0.1 0.1 2
563 0.1 0.1 0.1 0.1 0.1 0.1 0.1 0.1 0.1 0.1 2
564 0.1 0.1 0.1 0.1 0.1 0.1 0.1 0.1 0.1 0.1 3
565 0.1 0.1 0.1 0.1 0.1 0.1 0.1 0.1 0.1 0.1 1
566 0.1 0.1 0.1 0.1 0.1 0.1 0.1 0.1 0.1 0.1 1
567 0.1 0.1 0.1 0.1 0.1 0.1 0.1 0.1 0.1 0.1 2
568 0.1 0.1 0.1 0.1 0.1 0.1 0.1 0.1 0.1 0.1 2
569 0.1 0.1 0.1 0.1 0.1 0.1 0.1 0.1 0.1 0.1 3
570 0.1 0.1 0.1 0.1 0.1 0.1 0.1 0.1 0.1 0.1 1
571 0.1 0.1 0.1 0.1 0.1 0.1 0.1 0.1 0.1 0.1 1
572 0.1 0.1 0.1 0.1 0.1 0.1 0.1 0.1 0.1 0.1 2
573 0.1 0.1 0.1 0.1 0.1 0.1 0.1 0.1 0.1 0.1 2
574 0.1 0.1 0.1 0.1 0.1 0.1 0.1 0.1 0.1 0.1 3
575 0.1 0.1 0.1 0.1 0.1 0.1 0.1 0.1 0.1 0.1 1
576 0.1 0.1 0.1 0.1 0.1 0.1 0.1 0.1 0.1 0.1 1
577 0.1 0.1 0.1 0.1 0.1 0.1 0.1 0.1 0.1 0.1 2
578 0.1 0.1 0.1 0.1 0.1 0.1 0.1 0.1 0.1 0.1 2
579 0.1 0.1 0.1 0.1 0.1 0.1 0.1 0.1 0.1 0.1 3
580 0.1 0.1 0.1 0.1 0.1 0.1 0.1 0.1 0.1 0.1 1
581 0.1 0.1 0.1 0.1 0.1 0.1 0.1 0.1 0.1 0.1 1
582 0.1 0.1 0.1 0.1 0.1 0.1 0.1 0.1 0.1 0.1 2
583 0.1 0.1 0.1 0.1 0.1 0.1 0.1 0.1 0.1 0.1 2
584 0.1 0.1 0.1 0.1 0.1 0.1 0.1 0.1 0.1 0.1 3
585 0.1 0.1 0.1 0.1 0.1 0.1 0.1 0.1 0.1 0.1 1
586 0.1 0.1 0.1 0.1 0.1 0.1 0.1 0.1 0.1 0.1 1
587 0.1 0.1 0.1 0.1 0.1 0.1 0.1 0.1 0.1 0.1 2
588 0.1 0.1 0.1 0.1 0.1 0.1 0.1 0.1 0.1 0.1 2
589 0.1 0.1 0.1 0.1 0.1 0.1 0.1 0.1 0.1 0.1 3
590 0.1 0.1 0.1 0.1 0.1 0.1 0.1 0.1 0.1 0.1 1
591 0.1 0.1 0.1 0.1 0.1 0.1 0.1 0.1 0.1 0.1 1
592 0.1 0.1 0.1 0.1 0.1 0.1 0.1 0.1 0.1 0.1 2
593 0.1 0.1 0.1 0.1 0.1 0.1 0.1 0.1 0.1 0.1 2
594 0.1 0.1 0.1 0.1 0.1 0.1 0.1 0.1 0.1 0.1 3
595 0.1 0.1 0.1 0.1 0.1 0.1 0.1 0.1 0.1 0.1 1
596 0.1 0.1 0.1 0.1 0.1 0.1 0.1 0.1 0.1 0.1 1
597 0.1 0.1 0.1 0.1 0.1 0.1 0.1 0.1 0.1 0.1 2
598 0.1 0.1 0.1 0.1 0.1 0.1 0.1 0.1 0.1 0.1 2
599 0.1 0.1 0.1 0.1 0.1 0.1 0.1 0.1 0.1 0.1 3
600 0.1 0.1 0.1 0.1 0.1 0.1 0.1 0.1 0.1 0.1 1
601 0.1 0.1 0.1 0.1 0.1 0.1 0.1 0.1 0.1 0.1 1
602 0.1 0.1 0.1 0.1 0.1 0.1 0.1 0.1 0.1 0.1 2
603 0.1 0.1 0.1 0.1 0.1 0.1 0.1 0.1 0.1 0.1 2
604 0.1 0.1 0.1 0.1 0.1 0.1 0.1 0.1 0.1 0.1 3
605 0.1 0.1 0.1 0.1 0.1 0.1 0.1 0.1 0.1 0.1 1
606 0.1 0.1 0.1 0.1 0.1 0.1 0.1 0.1 0.1 0.1 1
607 0.1 0.1 0.1 0.1 0.1 0.1 0.1 0.1 0.1 0.1 2
608 0.1 0.1 0.1 0.1 0.1 0.1 0.1 0.1 0.1 0.1 2
609 0.1 0.1 0.1 0.1 0.1 0.1 0.1 0.1 0.1 0.1 3
610 0.1 0.1 0.1 0.1 0.1 0.1 0.1 0.1 0.1 0.1 1
611 0.1 0.1 0.1 0.1 0.1 0.1 0.1 0.1 0.1 0.1 1
612 0.1 0.1 0.1 0.1 0.1 0.1 0.1 0.1 0.1 0.1 2
613 0.1 0.1 0.1 0.1 0.1 0.1 0.1 0.1 0.1 0.1 2
614 0.1 0.1 0.1 0.1 0.1 0.1 0.1 0.1 0.1 0.1 3
615 0.1 0.1 0.1 0.1 0.1 0.1 0.1 0.1 0.1 0.1 1
616 0.1 0.1 0.1 0.1 0.1 0.1 0.1 0.1 0.1 0.1 1
617 0.1 0.1 0.1 0.1 0.1 0.1 0.1 0.1 0.1 0.1 2
618 0.1 0.1 0.1 0.1 0.1 0.1 0.1 0.1 0.1 0.1 2
619 0.1 0.1 0.1 0.1 0.1 0.1 0.1 0.1 0.1 0.1 3
620 0.1 0.1 0.1 0.1 0.1 0.1 0.1 0.1 0.1 0.1 1
621 0.1 0.1 0.1 0.1 0.1 0.1 0.1 0.1 0.1 0.1 1
622 0.1 0.1 0.1 0.1 0.1 0.1 0.1 0.1 0.1 0.1 2
623 0.1 0.1 0.1 0.1 0.1 0.1 0.1 0.1 0.1 0.1 2
624 0.1 0.1 0.1 0.1 0.1 0.1 0.1 0.1 0.1 0.1 3
625 0.1 0.1 0.1 0.1 0.1 0.1 0.1 0.1 0.1 0.1 1
626 0.1 0.1 0.1 0.1 0.1 0.1 0.1 0.1 0.1 0.1 1
627 0.1 0.1 0.1 0.1 0.1 0.1 0.1 0.1 0.1 0.1 2
628 0.1 0.1 0.1 0.1 0.1 0.1 0.1 0.1 0.1 0.1 2
629 0.1 0.1 0.1 0.1 0.1 0.1 0.1 0.1 0.1 0.1 3
630 0.1 0.1 0.1 0.1 0.1 0.1 0.1 0.1 0.1 0.1 1
631 0.1 0.1 0.1 0.1 0.1 0.1 0.1 0.1 0.1 0.1 1
632 0.1 0.1 0.1 0.1 0.1 0.1 0.1 0.1 0.1 0.1 2
633 0.1 0.1 0.1 0.1 0.1 0.1 0.1 0.1 0.1 0.1 2
634 0.1 0.1 0.1 0.1 0.1 0.1 0.1 0.1 0.1 0.1 3
635 0.1 0.1 0.1 0.1 0.1 0.1 0.1 0.1 0.1 0.1 1
636 0.1 0.1 0.1 0.1 0.1 0.1 0.1 0.1 0.1 0.1 1
637 0.1 0.1 0.1 0.1 0.1 0.1 0.1 0.1 0.1 0.1 2
638 0.1 0.1 0.1 0.1 0.1 0.1 0.1 0.1 0.1 0.1 2
639 0.1 0.1 0.1 0.1 0.1 0.1 0.1 0.1 0.1 0.1 3
640 0.1 0.1 0.1 0.1 0.1 0.1 0.1 0.1 0.1 0.1 1
641 0.1 0.1 0.1 0.1 0.1 0.1 0.1 0.1 0.1 0.1 1
642 0.1 0.1 0.1 0.1 0.1 0.1 0.1 0.1 0.1 0.1 2
643 0.1 0.1 0.1 0.1 0.1 0.1 0.1 0.1 0.1 0.1 2
644 0.1 0.1 0.1 0.1 0.1 0.1 0.1 0.1 0.1 0.1 3
645 0.1 0.1 0.1 0.1 0.1 0.1 0.1 0.1 0.1 0.1 1
646 0.1 0.1 0.1 0.1 0.1 0.1 0.1 0.1 0.1 0.1 1
647 0.1 0.1 0.1 0.1 0.1 0.1 0.1 0.1 0.1 0.1 2
648 0.1 0.1 0.1 0.1 0.1 0.1 0.1 0.1 0.1 0.1 2
649 0.1 0.1 0.1 0.1 0.1 0.1 0.1 0.1 0.1 0.1 3
650 0.1 0.1 0.1 0.1 0.1 0.1 0.1 0.1 0.1 0.1 1
651 0.1 0.1 0.1 0.1 0.1 0.1 0.1 0.1 0.1 0.1 1
652 0.1 0.1 0.1 0.1 0.1 0.1 0.1 0.1 0.1 0.1 2
653 0.1 0.1 0.1 0.1 0.1 0.1 0.1 0.1 0.1 0.1 2
654 0.1 0.1 0.1 0.1 0.1 0.1 0.1 0.1 0.1 0.1 3
655 0.1 0.1 0.1 0.1 0.1 0.1 0.1 0.1 0.1 0.1 1
656 0.1 0.1 0.1 0.1 0.1 0.1 0.1 0.1 0.1 0.1 1
657 0.1 0.1 0.1 0.1 0.1 0.1 0.1 0.1 0.1 0.1 2
658 0.1 0.1 0.1 0.1 0.1 0.1 0.1 0.1 0.1 0.1 2
659 0.1 0.1 0.1 0.1 0.1 0.1 0.1 0.1 0.1 0.1 3
660 0.1 0.1 0.1 0.1 0.1 0.1 0.1 0.1 0.1 0.1 1
661 0.1 0.1 0.1 0.1 0.1 0.1 0.1 0.1 0.1 0.1 1
662 0.1 0.1 0.1 0.1 0.1 0.1 0.1 0.1 0.1 0.1 2
663 0.1 0.1 0.1 0.1 0.1 0.1 0.1 0.1 0.1 0.1 2
664 0.1 0.1 0.1 0.1 0.1 0.1 0.1 0.1 0.1 0.1 3
665 0.1 0.1 0.1 0.1 0.1 0.1 0.1 0.1 0.1 0.1 1
666 0.1 0.1 0.1 0.1 0.1 0.1 0.1 0.1 0.1 0.1 1
667 0.1 0.1 0.1 0.1 0.1 0.1 0.1 0.1 0.1 0.1 2
668 0.1 0.1 0.1 0.1 0.1 0.1 0.1 0.1 0.1 0.1 2
669 0.1 0.1 0.1 0.1 0.1 0.1 0.1 0.1 0.1 0.1 3
670 0.1 0.1 0.1 0.1 0.1 0.1 0.1 0.1 0.1 0.1 1
671 0.1 0.1 0.1 0.1 0.1 0.1 0.1 0.1 0.1 0.1 1
672 0.1 0.1 0.1 0.1 0.1 0.1 0.1 0.1 0.1 0.1 2
673 0.1 0.1 0.1 0.1 0.1 0.1 0.1 0.1 0.1 0.1 2
674 0.1 0.1 0.1 0.1 0.1 0.1 0.1 0.1 0.1 0.1 3
675 0.1 0.1 0.1 0.1 0.1 0.1 0.1 0.1 0.1 0.1 1
676 0.1 0.1 0.1 0.1 0.1 0.1 0.1 0.1 0.1 0.1 1
677 0.1 0.1 0.1 0.1 0.1 0.1 0.1 0.1 0.1 0.1 2
678 0.1 0.1 0.1 0.1 0.1 0.1 0.1 0.1 0.1 0.1 2
679 0.1 0.1 0.1 0.1 0.1 0.1 0.1 0.1 0.1 0.1 3
680 0.1 0.1 0.1 0.1 0.1 0.1 0.1 0.1 0.1 0.1 1
681 0.1 0.1 0.1 0.1 0.1 0.1 0.1 0.1 0.1 0.1 1
682 0.1 0.1 0.1 0.1 0.1 0.1 0.1 0.1 0.1 0.1 2
683 0.1 0.1 0.1 0.1 0.1 0.1 0.1 0.1 0.1 0.1 2
684 0.1 0.1 0.1 0.1 0.1 0.1 0.1 0.1 0.1 0.1 3
685 0.1 0.1 0.1 0.1 0.1 0.1 0.1 0.1 0.1 0.1 1
686 0.1 0.1 0.1 0.1 0.1 0.1 0.1 0.1 0.1 0.1 1
687 0.1 0.1 0.1 0.1 0.1 0.1 0.1 0.1 0.1 0.1 2
688 0.1 0.1 0.1 0.1 0.1 0.1 0.1 0.1 0.1 0.1 2
689 0.1 0.1 0.1 0.1 0.1 0.1 0.1 0.1 0.1 0.1 3
690 0.1 0.1 0.1 0.1 0.1 0.1 0.1 0.1 0.1 0.1 1
691 0.1 0.1 0.1 0.1 0.1 0.1 0.1 0.1 0.1 0.1 1
692 0.1 0.1 0.1 0.1 0.1 0.1 0.1 0.1 0.1 0.1 2
693 0.1 0.1 0.1 0.1 0.1 0.1 0.1 0.1 0.1 0.1 2
694 0.1 0.1 0.1 0.1 0.1 0.1 0.1 0.1 0.1 0.1 3
695 0.1 0.1 0.1 0.1 0.1 0.1 0.1 0.1 0.1 0.1 1
696 0.1 0.1 0.1 0.1 0.1 0.1 0.1 0.1 0.1 0.1 1
697 0.1 0.1 0.1 0.1 0.1 0.1 0.1 0.1 0.1 0.1 2
698 0.1 0.1 0.1 0.1 0.1 0.1 0.1 0.1 0.1 0.1 2
699 0.1 0.1 0.1 0.1 0.1 0.1 0.1 0.1 0.1 0.1 3