0 1 1 1 1 1 1 1 1 1 1 0
1 1 1 1 1 1 1 1 1 1 1 0
2 1 1 1 1 1 1 1 1 1 1 0
3 1 1 1 1 1 1 1 1 1 1 0
4 1 1 1 1 1 1 1 1 1 1 0
5 1 1 1 1 1 1 1 1 1 1 0
6 1 1 1 1 1 1 1 1 1 1 0
7 1 1 1 1 1 1 1 1 1 1 0
8 1 1 1 1 1 1 1 1 1 1 0
9 1 1 1 1 1 1 1 1 1 1 0
10 1 1 1 1 1 1 1 1 1 1 0
11 1 1 1 1 1 1 1 1 1 1 0
12 1 1 1 1 1 1 1 1 1 1 0
13 1 1 1 1 1 1 1 1 1 1 0
14 1 1 1 1 1 1 1 1 1 1 0
15 1 1 1 1 1 1 1 1 1 1 0
16 1 1 1 1 1 1 1 1 1 1 0
17 1 1 1 1 1 1 1 1 1 1 0
18 1 1 1 1 1 1 1 1 1 1 0
19 1 1 1 1 1 1 1 1 1 1 0
20 1 1 1 1 1 1 1 1 1 1 0
21 1 1 1 1 1 1 1 1 1 1 0
22 1 1 1 1 1 1 1 1 1 1 0
23 1 1 1 1 1 1 1 1 1 1 0
24 1 1 1 1 1 1 1 1 1 1 0
25 1 1 1 1 1 1 1 1 1 1 0
26 1 1 1 1 1 1 1 1 1 1 0
27 1 1 1 1 1 1 1 1 1 1 0
28 1 1 1 1 1 1 1 1 1 1 0
29 1 1 1 1 1 1 1 1 1 1 0
30 1 1 1 1 1 1 1 1 1 1 0
31 1 1 1 1 1 1 1 1 1 1 0
32 1 1 1 1 1 1 1 1 1 1 0
33 1 1 1 1 1 1 1 1 1 1 0
34 1 1 1 1 1 1 1 1 1 1 0
35 1 1 1 1 1 1 1 1 1 1 0
36 1 1 1 1 1 1 1 1 1 1 0
37 1 1 1 1 1 1 1 1 1 1 0
38 1 1 1 1 1 1 1 1 1 1 0
39 1 1 1 1 1 1 1 1 1 1 0
40 1 1 1 1 1 1 1 1 1 1 0
41 1 1 1 1 1 1 1 1 1 1 0
42 1 1 1 1 1 1 1 1 1 1 0
43 1 1 1 1 1 1 1 1 1 1 0
44 1 1 1 1 1 1 1 1 1 1 0
45 1 1 1 1 1 1 1 1 1 1 0
46 1 1 1 1 1 1 1 1 1 1 0
47 1 1 1 1 1 1 1 1 1 1 0
48 1 1 1 1 1 1 1 1 1 1 0
49 1 1 1 1 1 1 1 1 1 1 0
50 1 1 1 1 1 1 1 1 1 1 0
51 1 1 1 1 1 1 1 1 1 1 0
52 1 1 1 1 1 1 1 1 1 1 0
53 1 1 1 1 1 1 1 1 1 1 0
54 1 1 1 1 1 1 1 1 1 1 0
55 1 1 1 1 1 1 1 1 1 1 0
56 1 1 1 1 1 1 1 1 1 1 0
57 1 1 1 1 1 1 1 1 1 1 0
58 1 1 1 1 1 1 1 1 1 1 0
59 1 1 1 1 1 1 1 1 1 1 0
60 1 1 1 1 1 1 1 1 1 1 0
61 1 1 1 1 1 1 1 1 1 1 0
62 1 1 1 1 1 1 1 1 1 1 0
63 1 1 1 1 1 1 1 1 1 1 0
64 1 1 1 1 1 1 1 1 1 1 0
65 1 1 1 1 1 1 1 1 1 1 0
66 1 1 1 1 1 1 1 1 1 1 0
67 1 1 1 1 1 1 1 1 1 1 0
68 1 1 1 1 1 1 1 1 1 1 0
69 1 1 1 1 1 1 1 1 1 1 0
70 1 1 1 1 1 1 1 1 1 1 0
71 1 1 1 1 1 1 1 1 1 1 0
72 1 1 1 1 1 1 1 1 1 1 0
73 1 1 1 1 1 1 1 1 1 1 0
74 1 1 1 1 1 1 1 1 1 1 0
75 1 1 1 1 1 1 1 1 1 1 0
76 1 1 1 1 1 1 1 1 1 1 0
77 1 1 1 1 1 1 1 1 1 1 0
78 1 1 1 1 1 1 1 1 1 1 0
79 1 1 1 1 1 1 1 1 1 1 0
80 1 1 1 1 1 1 1 1 1 1 0
81 1 1 1 1 1 1 1 1 1 1 0
82 1 1 1 1 1 1 1 1 1 1 0
83 1 1 1 1 1 1 1 1 1 1 0
84 1 1 1 1 1 1 1 1 1 1 0
85 1 1 1 1 1 1 1 1 1 1 0
86 1 1 1 1 1 1 1 1 1 1 0
87 1 1 1 1 1 1 1 1 1 1 0
88 1 1 1 1 1 1 1 1 1 1 0
89 1 1 1 1 1 1 1 1 1 1 0
90 1 1 1 1 1 1 1 1 1 1 0
91 1 1 1 1 1 1 1 1 1 1 0
92 1 1 1 1 1 1 1 1 1 1 0
93 1 1 1 1 1 1 1 1 1 1 0
94 1 1 1 1 1 1 1 1 1 1 0
95 1 1 1 1 1 1 1 1 1 1 0
96 1 1 1 1 1 1 1 1 1 1 0
97 1 1 1 1 1 1 1 1 1 1 0
98 1 1 1 1 1 1 1 1 1 1 0
99 1 1 1 1 1 1 1 1 1 1 0
100 1 1 1 1 1 1 1 1 1 1 0
101 1 1 1 1 1 1 1 1 1 1 0
102 1 1 1 1 1 1 1 1 1 1 0
103 1 1 1 1 1 1 1 1 1 1 0
104 1 1 1 1 1 1 1 1 1 1 0
105 1 1 1 1 1 1 1 1 1 1 0
106 1 1 1 1 1 1 1 1 1 1 0
107 1 1 1 1 1 1 1 1 1 1 0
108 1 1 1 1 1 1 1 1 1 1 0
109 1 1 1 1 1 1 1 1 1 1 0
110 1 1 1 1 1 1 1 1 1 1 0
111 1 1 1 1 1 1 1 1 1 1 0
112 1 1 1 1 1 1 1 1 1 1 0
113 1 1 1 1 1 1 1 1 1 1 0
114 1 1 1 1 1 1 1 1 1 1 0
115 1 1 1 1 1 1 1 1 1 1 0
116 1 1 1 1 1 1 1 1 1 1 0
117 1 1 1 1 1 1 1 1 1 1 0
118 1 1 1 1 1 1 1 1 1 1 0
119 1 1 1 1 1 1 1 1 1 1 0
120 1 1 1 1 1 1 1 1 1 1 0
121 1 1 1 1 1 1 1 1 1 1 0
122 1 1 1 1 1 1 1 1 1 1 0
123 1 1 1 1 1 1 1 1 1 1 0
124 1 1 1 1 1 1 1 1 1 1 0
125 1 1 1 1 1 1 1 1 1 1 0
126 1 1 1 1 1 1 1 1 1 1 0
127 1 1 1 1 1 1 1 1 1 1 0
128 1 1 1 1 1 1 1 1 1 1 0
129 1 1 1 1 1 1 1 1 1 1 0
130 1 1 1 1 1 1 1 1 1 1 0
131 1 1 1 1 1 1 1 1 1 1 0
132 1 1 1 1 1 1 1 1 1 1 0
133 1 1 1 1 1 1 1 1 1 1 0
134 1 1 1 1 1 1 1 1 1 1 0
135 1 1 1 1 1 1 1 1 1 1 0
136 1 1 1 1 1 1 1 1 1 1 0
137 1 1 1 1 1 1 1 1 1 1 0
138 1 1 1 1 1 1 1 1 1 1 0
139 1 1 1 1 1 1 1 1 1 1 0
140 1 1 1 1 1 1 1 1 1 1 0
141 1 1 1 1 1 1 1 1 1 1 0
142 1 1 1 1 1 1 1 1 1 1 0
143 1 1 1 1 1 1 1 1 1 1 0
144 1 1 1 1 1 1 1 1 1 1 0
145 1 1 1 1 1 1 1 1 1 1 0
146 1 1 1 1 1 1 1 1 1 1 0
147 1 1 1 1 1 1 1 1 1 1 0
148 1 1 1 1 1 1 1 1 1 1 0
149 1 1 1 1 1 1 1 1 1 1 0
150 1 1 1 1 1 1 1 1 1 1 0
151 1 1 1 1 1 1 1 1 1 1 0
152 1 1 1 1 1 1 1 1 1 1 0
153 1 1 1 1 1 1 1 1 1 1 0
154 1 1 1 1 1 1 1 1 1 1 0
155 1 1 1 1 1 1 1 1 1 1 0
156 1 1 1 1 1 1 1 1 1 1 0
157 1 1 1 1 1 1 1 1 1 1 0
158 1 1 1 1 1 1 1 1 1 1 0
159 1 1 1 1 1 1 1 1 1 1 0
160 1 1 1 1 1 1 1 1 1 1 0
161 1 1 1 1 1 1 1 1 1 1 0
162 1 1 1 1 1 1 1 1 1 1 0
163 1 1 1 1 1 1 1 1 1 1 0
164 1 1 1 1 1 1 1 1 1 1 0
165 1 1 1 1 1 1 1 1 1 1 0
166 1 1 1 1 1 1 1 1 1 1 0
167 1 1 1 1 1 1 1 1 1 1 0
168 1 1 1 1 1 1 1 1 1 1 0
169 1 1 1 1 1 1 1 1 1 1 0
170 1 1 1 1 1 1 1 1 1 1 0
171 1 1 1 1 1 1 1 1 1 1 0
172 1 1 1 1 1 1 1 1 1 1 0
173 1 1 1 1 1 1 1 1 1 1 0
174 1 1 1 1 1 1 1 1 1 1 0
175 1 1 1 1 1 1 1 1 1 1 0
176 1 1 1 1 1 1 1 1 1 1 0
177 1 1 1 1 1 1 1 1 1 1 0
178 1 1 1 1 1 1 1 1 1 1 0
179 1 1 1 1 1 1 1 1 1 1 0
180 1 1 1 1 1 1 1 1 1 1 0
181 1 1 1 1 1 1 1 1 1 1 0
182 1 1 1 1 1 1 1 1 1 1 0
183 1 1 1 1 1 1 1 1 1 1 0
184 1 1 1 1 1 1 1 1 1 1 0
185 1 1 1 1 1 1 1 1 1 1 0
186 1 1 1 1 1 1 1 1 1 1 0
187 1 1 1 1 1 1 1 1 1 1 0
188 1 1 1 1 1 1 1 1 1 1 0
189 1 1 1 1 1 1 1 1 1 1 0
190 1 1 1 1 1 1 1 1 1 1 0
191 1 1 1 1 1 1 1 1 1 1 0
192 1 1 1 1 1 1 1 1 1 1 0
193 1 1 1 1 1 1 1 1 1 1 0
194 1 1 1 1 1 1 1 1 1 1 0
195 1 1 1 1 1 1 1 1 1 1 0
196 1 1 1 1 1 1 1 1 1 1 0
197 1 1 1 1 1 1 1 1 1 1 0
198 1 1 1 1 1 1 1 1 1 1 0
199 1 1 1 1 1 1 1 1 1 1 0
200 1 1 1 1 1 1 1 1 1 1 0
201 1 1 1 1 1 1 1 1 1 1 0
202 1 1 1 1 1 1 1 1 1 1 0
203 1 1 1 1 1 1 1 1 1 1 0
204 1 1 1 1 1 1 1 1 1 1 0
205 1 1 1 1 1 1 1 1 1 1 0
206 1 1 1 1 1 1 1 1 1 1 0
207 1 1 1 1 1 1 1 1 1 1 0
208 1 1 1 1 1 1 1 1 1 1 0
209 1 1 1 1 1 1 1 1 1 1 0
210 1 1 1 1 1 1 1 1 1 1 0
211 1 1 1 1 1 1 1 1 1 1 0
212 1 1 1 1 1 1 1 1 1 1 0
213 1 1 1 1 1 1 1 1 1 1 0
214 1 1 1 1 1 1 1 1 1 1 0
215 1 1 1 1 1 1 1 1 1 1 0
216 1 1 1 1 1 1 1 1 1 1 0
217 1 1 1 1 1 1 1 1 1 1 0
218 1 1 1 1 1 1 1 1 1 1 0
219 1 1 1 1 1 1 1 1 1 1 0
220 1 1 1 1 1 1 1 1 1 1 0
221 1 1 1 1 1 1 1 1 1 1 0
222 1 1 1 1 1 1 1 1 1 1 0
223 1 1 1 1 1 1 1 1 1 1 0
224 1 1 1 1 1 1 1 1 1 1 0
225 1 1 1 1 1 1 1 1 1 1 0
226 1 1 1 1 1 1 1 1 1 1 0
227 1 1 1 1 1 1 1 1 1 1 0
228 1 1 1 1 1 1 1 1 1 1 0
229 1 1 1 1 1 1 1 1 1 1 0
230 1 1 1 1 1 1 1 1 1 1 0
231 1 1 1 1 1 1 1 1 1 1 0
232 1 1 1 1 1 1 1 1 1 1 0
233 1 1 1 1 1 1 1 1 1 1 0
234 1 1 1 1 1 1 1 1 1 1 0
235 1 1 1 1 1 1 1 1 1 1 0
236 1 1 1 1 1 1 1 1 1 1 0
237 1 1 1 1 1 1 1 1 1 1 0
238 1 1 1 1 1 1 1 1 1 1 0
239 1 1 1 1 1 1 1 1 1 1 0
240 1 1 1 1 1 1 1 1 1 1 0
241 1 1 1 1 1 1 1 1 1 1 0
242 1 1 1 1 1 1 1 1 1 1 0
243 1 1 1 1 1 1 1 1 1 1 0
244 1 1 1 1 1 1 1 1 1 1 0
245 1 1 1 1 1 1 1 1 1 1 0
246 1 1 1 1 1 1 1 1 1 1 0
247 1 1 1 1 1 1 1 1 1 1 0
248 1 1 1 1 1 1 1 1 1 1 0
249 1 1 1 1 1 1 1 1 1 1 0
250 1 1 1 1 1 1 1 1 1 1 0
251 1 1 1 1 1 1 1 1 1 1 0
252 1 1 1 1 1 1 1 1 1 1 0
253 1 1 1 1 1 1 1 1 1 1 0
254 1 1 1 1 1 1 1 1 1 1 0
255 1 1 1 1 1 1 1 1 1 1 0
256 1 1 1 1 1 1 1 1 1 1 0
257 1 1 1 1 1 1 1 1 1 1 0
258 1 1 1 1 1 1 1 1 1 1 0
259 1 1 1 1 1 1 1 1 1 1 0
260 1 1 1 1 1 1 1 1 1 1 0
261 1 1 1 1 1 1 1 1 1 1 0
262 1 1 1 1 1 1 1 1 1 1 0
263 1 1 1 1 1 1 1 1 1 1 0
264 1 1 1 1 1 1 1 1 1 1 0
265 1 1 1 1 1 1 1 1 1 1 0
266 1 1 1 1 1 1 1 1 1 1 0
267 1 1 1 1 1 1 1 1 1 1 0
268 1 1 1 1 1 1 1 1 1 1 0
269 1 1 1 1 1 1 1 1 1 1 0
270 1 1 1 1 1 1 1 1 1 1 0
271 1 1 1 1 1 1 1 1 1 1 0
272 1 1 1 1 1 1 1 1 1 1 0
273 1 1 1 1 1 1 1 1 1 1 0
274 1 1 1 1 1 1 1 1 1 1 0
275 1 1 1 1 1 1 1 1 1 1 0
276 1 1 1 1 1 1 1 1 1 1 0
277 1 1 1 1 1 1 1 1 1 1 0
278 1 1 1 1 1 1 1 1 1 1 0
279 1 1 1 1 1 1 1 1 1 1 0
280 1 1 1 1 1 1 1 1 1 1 0
281 1 1 1 1 1 1 1 1 1 1 0
282 1 1 1 1 1 1 1 1 1 1 0
283 1 1 1 1 1 1 1 1 1 1 0
284 1 1 1 1 1 1 1 1 1 1 0
285 1 1 1 1 1 1 1 1 1 1 0
286 1 1 1 1 1 1 1 1 1 1 0
287 1 1 1 1 1 1 1 1 1 1 0
288 1 1 1 1 1 1 1 1 1 1 0
289 1 1 1 1 1 1 1 1 1 1 0
290 1 1 1 1 1 1 1 1 1 1 0
291 1 1 1 1 1 1 1 1 1 1 0
292 1 1 1 1 1 1 1 1 1 1 0
293 1 1 1 1 1 1 1 1 1 1 0
294 1 1 1 1 1 1 1 1 1 1 0
295 1 1 1 1 1 1 1 1 1 1 0
296 1 1 1 1 1 1 1 1 1 1 0
297 1 1 1 1 1 1 1 1 1 1 0
298 1 1 1 1 1 1 1 1 1 1 0
299 1 1 1 1 1 1 1 1 1 1 0
300 1 1 1 1 1 1 1 1 1 1 1
301 1 1 1 1 1 1 1 1 1 1 1
302 1 1 1 1 1 1 1 1 1 1 2
303 1 1 1 1 1 1 1 1 1 1 2
304 1 1 1 1 1 1 1 1 1 1 3
305 1 1 1 1 1 1 1 1 1 1 1
306 1 1 1 1 1 1 1 1 1 1 1
307 1 1 1 1 1 1 1 1 1 1 2
308 1 1 1 1 1 1 1 1 1 1 2
309 1 1 1 1 1 1 1 1 1 1 3
310 1 1 1 1 1 1 1 1 1 1 1
311 1 1 1 1 1 1 1 1 1 1 1
312 1 1 1 1 1 1 1 1 1 1 2
313 1 1 1 1 1 1 1 1 1 1 2
314 1 1 1 1 1 1 1 1 1 1 3
315 1 1 1 1 1 1 1 1 1 1 1
316 1 1 1 1 1 1 1 1 1 1 1
317 1 1 1 1 1 1 1 1 1 1 2
318 1 1 1 1 1 1 1 1 1 1 2
319 1 1 1 1 1 1 1 1 1 1 3
320 1 1 1 1 1 1 1 1 1 1 1
321 1 1 1 1 1 1 1 1 1 1 1
322 1 1 1 1 1 1 1 1 1 1 2
323 1 1 1 1 1 1 1 1 1 1 2
324 1 1 1 1 1 1 1 1 1 1 3
325 1 1 1 1 1 1 1 1 1 1 1
326 1 1 1 1 1 1 1 1 1 1 1
327 1 1 1 1 1 1 1 1 1 1 2
328 1 1 1 1 1 1 1 1 1 1 2
329 1 1 1 1 1 1 1 1 1 1 3
330 1 1 1 1 1 1 1 1 1 1 1
331 1 1 1 1 1 1 1 1 1 1 1
332 1 1 1 1 1 1 1 1 1 1 2
333 1 1 1 1 1 1 1 1 1 1 2
334 1 1 1 1 1 1 1 1 1 1 3
335 1 1 1 1 1 1 1 1 1 1 1
336 1 1 1 1 1 1 1 1 1 1 1
337 1 1 1 1 1 1 1 1 1 1 2
338 1 1 1 1 1 1 1 1 1 1 2
339 1 1 1 1 1 1 1 1 1 1 3
340 1 1 1 1 1 1 1 1 1 1 1
341 1 1 1 1 1 1 1 1 1 1 1
342 1 1 1 1 1 1 1 1 1 1 2
343 1 1 1 1 1 1 1 1 1 1 2
344 1 1 1 1 1 1 1 1 1 1 3
345 1 1 1 1 1 1 1 1 1 1 1
346 1 1 1 1 1 1 1 1 1 1 1
347 1 1 1 1 1 1 1 1 1 1 2
348 1 1 1 1 1 1 1 1 1 1 2
349 1 1 1 1 1 1 1 1 1 1 3
350 1 1 1 1 1 1 1 1 1 1 1
351 1 1 1 1 1 1 1 1 1 1 1
352 1 1 1 1 1 1 1 1 1 1 2
353 1 1 1 1 1 1 1 1 1 1 2
354 1 1 1 1 1 1 1 1 1 1 3
355 1 1 1 1 1 1 1 1 1 1 1
356 1 1 1 1 1 1 1 1 1 1 1
357 1 1 1 1 1 1 1 1 1 1 2
358 1 1 1 1 1 1 1 1 1 1 2
359 1 1 1 1 1 1 1 1 1 1 3
360 1 1 1 1 1 1 1 1 1 1 1
361 1 1 1 1 1 1 1 1 1 1 1
362 1 1 1 1 1 1 1 1 1 1 2
363 1 1 1 1 1 1 1 1 1 1 2
364 1 1 1 1 1 1 1 1 1 1 3
365 1 1 1 1 1 1 1 1 1 1 1
366 1 1 1 1 1 1 1 1 1 1 1
367 1 1 1 1 1 1 1 1 1 1 2
368 1 1 1 1 1 1 1 1 1 1 2
369 1 1 1 1 1 1 1 1 1 1 3
370 1 1 1 1 1 1 1 1 1 1 1
371 1 1 1 1 1 1 1 1 1 1 1
372 1 1 1 1 1 1 1 1 1 1 2
373 1 1 1 1 1 1 1 1 1 1 2
374 1 1 1 1 1 1 1 1 1 1 3
375 1 1 1 1 1 1 1 1 1 1 1
376 1 1 1 1 1 1 1 1 1 1 1
377 1 1 1 1 1 1 1 1 1 1 2
378 1 1 1 1 1 1 1 1 1 1 2
379 1 1 1 1 1 1 1 1 1 1 3
380 1 1 1 1 1 1 1 1 1 1 1
381 1 1 1 1 1 1 1 1 1 1 1
382 1 1 1 1 1 1 1 1 1 1 2
383 1 1 1 1 1 1 1 1 1 1 2
384 1 1 1 1 1 1 1 1 1 1 3
385 1 1 1 1 1 1 1 1 1 1 1
386 1 1 1 1 1 1 1 1 1 1 1
387 1 1 1 1 1 1 1 1 1 1 2
388 1 1 1 1 1 1 1 1 1 1 2
389 1 1 1 1 1 1 1 1 1 1 3
390 1 1 1 1 1 1 1 1 1 1 1
391 1 1 1 1 1 1 1 1 1 1 1
392 1 1 1 1 1 1 1 1 1 1 2
393 1 1 1 1 1 1 1 1 1 1 2
394 1 1 1 1 1 1 1 1 1 1 3
395 1 1 1 1 1 1 1 1 1 1 1
396 1 1 1 1 1 1 1 1 1 1 1
397 1 1 1 1 1 1 1 1 1 1 2
398 1 1 1 1 1 1 1 1 1 1 2
399 1 1 1 1 1 1 1 1 1 1 3
400 1 1 1 1 1 1 1 1 1 1 1
401 1 1 1 1 1 1 1 1 1 1 1
402 1 1 1 1 1 1 1 1 1 1 2
403 1 1 1 1 1 1 1 1 1 1 2
404 1 1 1 1 1 1 1 1 1 1 3
405 1 1 1 1 1 1 1 1 1 1 1
406 1 1 1 1 1 1 1 1 1 1 1
407 1 1 1 1 1 1 1 1 1 1 2
408 1 1 1 1 1 1 1 1 1 1 2
409 1 1 1 1 1 1 1 1 1 1 3
410 1 1 1 1 1 1 1 1 1 1 1
411 1 1 1 1 1 1 1 1 1 1 1
412 1 1 1 1 1 1 1 1 1 1 2
413 1 1 1 1 1 1 1 1 1 1 2
414 1 1 1 1 1 1 1 1 1 1 3
415 1 1 1 1 1 1 1 1 1 1 1
416 1 1 1 1 1 1 1 1 1 1 1
417 1 1 1 1 1 1 1 1 1 1 2
418 1 1 1 1 1 1 1 1 1 1 2
419 1 1 1 1 1 1 1 1 1 1 3
420 1 1 1 1 1 1 1 1 1 1 1
421 1 1 1 1 1 1 1 1 1 1 1
422 1 1 1 1 1 1 1 1 1 1 2
423 1 1 1 1 1 1 1 1 1 1 2
424 1 1 1 1 1 1 1 1 1 1 3
425 1 1 1 1 1 1 1 1 1 1 1
426 1 1 1 1 1 1 1 1 1 1 1
427 1 1 1 1 1 1 1 1 1 1 2
428 1 1 1 1 1 1 1 1 1 1 2
429 1 1 1 1 1 1 1 1 1 1 3
430 1 1 1 1 1 1 1 1 1 1 1
431 1 1 1 1 1 1 1 1 1 1 1
432 1 1 1 1 1 1 1 1 1 1 2
433 1 1 1 1 1 1 1 1 1 1 2
434 1 1 1 1 1 1 1 1 1 1 3
435 1 1 1 1 1 1 1 1 1 1 1
436 1 1 1 1 1 1 1 1 1 1 1
437 1 1 1 1 1 1 1 1 1 1 2
438 1 1 1 1 1 1 1 1 1 1 2
439 1 1 1 1 1 1 1 1 1 1 3
440 1 1 1 1 1 1 1 1 1 1 1
441 1 1 1 1 1 1 1 1 1 1 1
442 1 1 1 1 1 1 1 1 1 1 2
443 1 1 1 1 1 1 1 1 1 1 2
444 1 1 1 1 1 1 1 1 1 1 3
445 1 1 1 1 1 1 1 1 1 1 1
446 1 1 1 1 1 1 1 1 1 1 1
447 1 1 1 1 1 1 1 1 1 1 2
448 1 1 1 1 1 1 1 1 1 1 2
449 1 1 1 1 1 1 1 1 1 1 3
450 1 1 1 1 1 1 1 1 1 1 1
451 1 1 1 1 1 1 1 1 1 1 1
452 1 1 1 1 1 1 1 1 1 1 2
453 1 1 1 1 1 1 1 1 1 1 2
454 1 1 1 1 1 1 1 1 1 1 3
455 1 1 1 1 1 1 1 1 1 1 1
456 1 1 1 1 1 1 1 1 1 1 1
457 1 1 1 1 1 1 1 1 1 1 2
458 1 1 1 1 1 1 1 1 1 1 2
459 1 1 1 1 1 1 1 1 1 1 3
460 1 1 1 1 1 1 1 1 1 1 1
461 1 1 1 1 1 1 1 1 1 1 1
462 1 1 1 1 1 1 1 1 1 1 2
463 1 1 1 1 1 1 1 1 1 1 2
464 1 1 1 1 1 1 1 1 1 1 3
465 1 1 1 1 1 1 1 1 1 1 1
466 1 1 1 1 1 1 1 1 1 1 1
467 1 1 1 1 1 1 1 1 1 1 2
468 1 1 1 1 1 1 1 1 1 1 2
469 1 1 1 1 1 1 1 1 1 1 3
470 1 1 1 1 1 1 1 1 1 1 1
471 1 1 1 1 1 1 1 1 1 1 1
472 1 1 1 1 1 1 1 1 1 1 2
473 1 1 1 1 1 1 1 1 1 1 2
474 1 1 1 1 1 1 1 1 1 1 3
475 1 1 1 1 1 1 1 1 1 1 1
476 1 1 1 1 1 1 1 1 1 1 1
477 1 1 1 1 1 1 1 1 1 1 2
478 1 1 1 1 1 1 1 1 1 1 2
479 1 1 1 1 1 1 1 1 1 1 3
480 1 1 1 1 1 1 1 1 1 1 1
481 1 1 1 1 1 1 1 1 1 1 1
482 1 1 1 1 1 1 1 1 1 1 2
483 1 1 1 1 1 1 1 1 1 1 2
484 1 1 1 1 1 1 1 1 1 1 3
485 1 1 1 1 1 1 1 1 1 1 1
486 1 1 1 1 1 1 1 1 1 1 1
487 1 1 1 1 1 1 1 1 1 1 2
488 1 1 1 1 1 1 1 1 1 1 2
489 1 1 1 1 1 1 1 1 1 1 3
490 1 1 1 1 1 1 1 1 1 1 1
491 1 1 1 1 1 1 1 1 1 1 1
492 1 1 1 1 1 1 1 1 1 1 2
493 1 1 1 1 1 1 1 1 1 1 2
494 1 1 1 1 1 1 1 1 1 1 3
495 1 1 1 1 1 1 1 1 1 1 1
496 1 1 1 1 1 1 1 1 1 1 1
497 1 1 1 1 1 1 1 1 1 1 2
498 1 1 1 1 1 1 1 1 1 1 2
499 1 1 1 1 1 1 1 1 1 1 3
500 1 1 1 1 1 1 1 1 1 1 1
501 1 1 1 1 1 1 1 1 1 1 1
502 1 1 1 1 1 1 1 1 1 1 2
503 1 1 1 1 1 1 1 1 1 1 2
504 1 1 1 1 1 1 1 1 1 1 3
505 1 1 1 1 1 1 1 1 1 1 1
506 1 1 1 1 1 1 1 1 1 1 1
507 1 1 1 1 1 1 1 1 1 1 2
508 1 1 1 1 1 1 1 1 1 1 2
509 1 1 1 1 1 1 1 1 1 1 3
510 1 1 1 1 1 1 1 1 1 1 1
511 1 1 1 1 1 1 1 1 1 1 1
512 1 1 1 1 1 1 1 1 1 1 2
513 1 1 1 1 1 1 1 1 1 1 2
514 1 1 1 1 1 1 1 1 1 1 3
515 1 1 1 1 1 1 1 1 1 1 1
516 1 1 1 1 1 1 1 1 1 1 1
517 1 1 1 1 1 1 1 1 1 1 2
518 1 1 1 1 1 1 1 1 1 1 2
519 1 1 1 1 1 1 1 1 1 1 3
520 1 1 1 1 1 1 1 1 1 1 1
521 1 1 1 1 1 1 1 1 1 1 1
522 1 1 1 1 1 1 1 1 1 1 2
523 1 1 1 1 1 1 1 1 1 1 2
524 1 1 1 1 1 1 1 1 1 1 3
525 1 1 1 1 1 1 1 1 1 1 1
526 1 1 1 1 1 1 1 1 1 1 1
527 1 1 1 1 1 1 1 1 1 1 2
528 1 1 1 1 1 1 1 1 1 1 2
529 1 1 1 1 1 1 1 1 1 1 3
530 1 1 1 1 1 1 1 1 1 1 1
531 1 1 1 1 1 1 1 1 1 1 1
532 1 1 1 1 1 1 1 1 1 1 2
533 1 1 1 1 1 1 1 1 1 1 2
534 1 1 1 1 1 1 1 1 1 1 3
535 1 1 1 1 1 1 1 1 1 1 1
536 1 1 1 1 1 1 1 1 1 1 1
537 1 1 1 1 1 1 1 1 1 1 2
538 1 1 1 1 1 1 1 1 1 1 2
539 1 1 1 1 1 1 1 1 1 1 3
540 1 1 1 1 1 1 1 1 1 1 1
541 1 1 1 1 1 1 1 1 1 1 1
542 1 1 1 1 1 1 1 1 1 1 2
543 1 1 1 1 1 1 1 1 1 1 2
544 1 1 1 1 1 1 1 1 1 1 3
545 1 1 1 1 1 1 1 1 1 1 1
546 1 1 1 1 1 1 1 1 1 1 1
547 1 1 1 1 1 1 1 1 1 1 2
548 1 1 1 1 1 1 1 1 1 1 2
549 1 1 1 1 1 1 1 1 1 1 3
550 1 1 1 1 1 1 1 1 1 1 1
551 1 1 1 1 1 1 1 1 1 1 1
552 1 1 1 1 1 1 1 1 1 1 2
553 1 1 1 1 1 1 1 1 1 1 2
554 1 1 1 1 1 1 1 1 1 1 3
555 1 1 1 1 1 1 1 1 1 1 1
556 1 1 1 1 1 1 1 1 1 1 1
557 1 1 1 1 1 1 1 1 1 1 2
558 1 1 1 1 1 1 1 1 1 1 2
559 1 1 1 1 1 1 1 1 1 1 3
560 1 1 1 1 1 1 1 1 1 1 1
561 1 1 1 1 1 1 1 1 1 1 1
562 1 1 1 1 1 1 1 1 1 1 2
563 1 1 1 1 1 1 1 1 1 1 2
564 1 1 1 1 1 1 1 1 1 1 3
565 1 1 1 1 1 1 1 1 1 1 1
566 1 1 1 1 1 1 1 1 1 1 1
567 1 1 1 1 1 1 1 1 1 1 2
568 1 1 1 1 1 1 1 1 1 1 2
569 1 1 1 1 1 1 1 1 1 1 3
570 1 1 1 1 1 1 1 1 1 1 1
571 1 1 1 1 1 1 1 1 1 1 1
572 1 1 1 1 1 1 1 1 1 1 2
573 1 1 1 1 1 1 1 1 1 1 2
574 1 1 1 1 1 1 1 1 1 1 3
575 1 1 1 1 1 1 1 1 1 1 1
576 1 1 1 1 1 1 1 1 1 1 1
577 1 1 1 1 1 1 1 1 1 1 2
578 1 1 1 1 1 1 1 1 1 1 2
579 1 1 1 1 1 1 1 1 1 1 3
580 1 1 1 1 1 1 1 1 1 1 1
581 1 1 1 1 1 1 1 1 1 1 1
582 1 1 1 1 1 1 1 1 1 1 2
583 1 1 1 1 1 1 1 1 1 1 2
584 1 1 1 1 1 1 1 1 1 1 3
585 1 1 1 1 1 1 1 1 1 1 1
586 1 1 1 1 1 1 1 1 1 1 1
587 1 1 1 1 1 1 1 1 1 1 2
588 1 1 1 1 1 1 1 1 1 1 2
589 1 1 1 1 1 1 1 1 1 1 3
590 1 1 1 1 1 1 1 1 1 1 1
591 1 1 1 1 1 1 1 1 1 1 1
592 1 1 1 1 1 1 1 1 1 1 2
593 1 1 1 1 1 1 1 1 1 1 2
594 1 1 1 1 1 1 1 1 1 1 3
595 1 1 1 1 1 1 1 1 1 1 1
596 1 1 1 1 1 1 1 1 1 1 1
597 1 1 1 1 1 1 1 1 1 1 2
598 1 1 1 1 1 1 1 1 1 1 2
599 1 1 1 1 1 1 1 1 1 1 3
600 1 1 1 1 1 1 1 1 1 1 1
601 1 1 1 1 1 1 1 1 1 1 1
602 1 1 1 1 1 1 1 1 1 1 2
603 1 1 1 1 1 1 1 1 1 1 2
604 1 1 1 1 1 1 1 1 1 1 3
605 1 1 1 1 1 1 1 1 1 1 1
606 1 1 1 1 1 1 1 1 1 1 1
607 1 1 1 1 1 1 1 1 1 1 2
608 1 1 1 1 1 1 1 1 1 1 2
609 1 1 1 1 1 1 1 1 1 1 3
610 1 1 1 1 1 1 1 1 1 1 1
611 1 1 1 1 1 1 1 1 1 1 1
612 1 1 1 1 1 1 1 1 1 1 2
613 1 1 1 1 1 1 1 1 1 1 2
614 1 1 1 1 1 1 1 1 1 1 3
615 1 1 1 1 1 1 1 1 1 1 1
616 1 1 1 1 1 1 1 1 1 1 1
617 1 1 1 1 1 1 1 1 1 1 2
618 1 1 1 1 1 1 1 1 1 1 2
619 1 1 1 1 1 1 1 1 1 1 3
620 1 1 1 1 1 1 1 1 1 1 1
621 1 1 1 1 1 1 1 1 1 1 1
622 1 1 1 1 1 1 1 1 1 1 2
623 1 1 1 1 1 1 1 1 1 1 2
624 1 1 1 1 1 1 1 1 1 1 3
625 1 1 1 1 1 1 1 1 1 1 1
626 1 1 1 1 1 1 1 1 1 1 1
627 1 1 1 1 1 1 1 1 1 1 2
628 1 1 1 1 1 1 1 1 1 1 2
629 1 1 1 1 1 1 1 1 1 1 3
630 1 1 1 1 1 1 1 1 1 1 1
631 1 1 1 1 1 1 1 1 1 1 1
632 1 1 1 1 1 1 1 1 1 1 2
633 1 1 1 1 1 1 1 1 1 1 2
634 1 1 1 1 1 1 1 1 1 1 3
635 1 1 1 1 1 1 1 1 1 1 1
636 1 1 1 1 1 1 1 1 1 1 1
637 1 1 1 1 1 1 1 1 1 1 2
638 1 1 1 1 1 1 1 1 1 1 2
639 1 1 1 1 1 1 1 1 1 1 3
640 1 1 1 1 1 1 1 1 1 1 1
641 1 1 1 1 1 1 1 1 1 1 1
642 1 1 1 1 1 1 1 1 1 1 2
643 1 1 1 1 1 1 1 1 1 1 2
644 1 1 1 1 1 1 1 1 1 1 3
645 1 1 1 1 1 1 1 1 1 1 1
646 1 1 1 1 1 1 1 1 1 1 1
647 1 1 1 1 1 1 1 1 1 1 2
648 1 1 1 1 1 1 1 1 1 1 2
649 1 1 1 1 1 1 1 1 1 1 3
650 1 1 1 1 1 1 1 1 1 1 1
651 1 1 1 1 1 1 1 1 1 1 1
652 1 1 1 1 1 1 1 1 1 1 2
653 1 1 1 1 1 1 1 1 1 1 2
654 1 1 1 1 1 1 1 1 1 1 3
655 1 1 1 1 1 1 1 1 1 1 1
656 1 1 1 1 1 1 1 1 1 1 1
657 1 1 1 1 1 1 1 1 1 1 2
658 1 1 1 1 1 1 1 1 1 1 2
659 1 1 1 1 1 1 1 1 1 1 3
660 1 1 1 1 1 1 1 1 1 1 1
661 1 1 1 1 1 1 1 1 1 1 1
662 1 1 1 1 1 1 1 1 1 1 2
663 1 1 1 1 1 1 1 1 1 1 2
664 1 1 1 1 1 1 1 1 1 1 3
665 1 1 1 1 1 1 1 1 1 1 1
666 1 1 1 1 1 1 1 1 1 1 1
667 1 1 1 1 1 1 1 1 1 1 2
668 1 1 1 1 1 1 1 1 1 1 2
669 1 1 1 1 1 1 1 1 1 1 3
670 1 1 1 1 1 1 1 1 1 1 1
671 1 1 1 1 1 1 1 1 1 1 1
672 1 1 1 1 1 1 1 1 1 1 2
673 1 1 1 1 1 1 1 1 1 1 2
674 1 1 1 1 1 1 1 1 1 1 3
675 1 1 1 1 1 1 1 1 1 1 1
676 1 1 1 1 1 1 1 1 1 1 1
677 1 1 1 1 1 1 1 1 1 1 2
678 1 1 1 1 1 1 1 1 1 1 2
679 1 1 1 1 1 1 1 1 1 1 3
680 1 1 1 1 1 1 1 1 1 1 1
681 1 1 1 1 1 1 1 1 1 1 1
682 1 1 1 1 1 1 1 1 1 1 2
683 1 1 1 1 1 1 1 1 1 1 2
684 1 1 1 1 1 1 1 1 1 1 3
685 1 1 1 1 1 1 1 1 1 1 1
686 1 1 1 1 1 1 1 1 1 1 1
687 1 1 1 1 1 1 1 1 1 1 2
688 1 1 1 1 1 1 1 1 1 1 2
689 1 1 1 1 1 1 1 1 1 1 3
690 1 1 1 1 1 1 1 1 1 1 1
691 1 1 1 1 1 1 1 1 1 1 1
692 1 1 1 1 1 1 1 1 1 1 2
693 1 1 1 1 1 1 1 1 1 1 2
694 1 1 1 1 1 1 1 1 1 1 3
695 1 1 1 1 1 1 1 1 1 1 1
696 1 1 1 1 1 1 1 1 1 1 1
697 1 1 1 1 1 1 1 1 1 1 2
698 1 1 1 1 1 1 1 1 1 1 2
699 1 1 1 1 1 1 1 1 1 1 3