10 0
0 10
13 1
1 13
15 2
2 15
23 3
3 23
25 4
4 25
35 5
5 35
37 6
6 37
40 7
7 40
9 8
8 9
47 9
9 47
53 10
10 53
0 11
11 0
56 12
12 56
59 13
13 59
1 14
14 1
62 15
15 62
2 16
16 2
67 17
17 67
17 18
18 17
69 19
19 69
71 20
20 71
20 21
21 20
75 22
22 75
77 23
23 77
3 24
24 3
81 25
25 81
4 26
26 4
83 27
27 83
29 28
28 29
84 29
29 84
27 30
30 27
85 31
31 85
33 32
32 33
86 33
33 86
31 34
34 31
87 35
35 87
5 36
36 5
89 37
37 89
90 38
38 90
6 39
39 6
91 40
40 91
7 41
41 7
93 42
42 93
44 43
43 44
94 44
44 94
42 45
45 42
8 46
46 8
96 47
47 96
99 48
48 99
51 49
49 51
100 50
50 100
104 51
51 104
48 52
52 48
105 53
53 105
11 54
54 11
108 55
55 108
112 56
56 112
113 57
57 113
12 58
58 12
115 59
59 115
14 60
60 14
116 61
61 116
118 62
62 118
16 63
63 16
119 64
64 119
120 65
65 120
64 66
66 64
123 67
67 123
18 68
68 18
125 69
69 125
19 70
70 19
127 71
71 127
80 72
72 80
21 73
73 21
22 74
74 22
131 75
75 131
130 76
76 130
132 77
77 132
24 78
78 24
133 79
79 133
139 80
80 139
147 81
81 147
26 82
82 26
28 83
83 28
30 84
84 30
32 85
85 32
34 86
86 34
162 87
87 162
36 88
88 36
38 89
89 38
39 90
90 39
170 91
91 170
41 92
92 41
43 93
93 43
45 94
94 45
46 95
95 46
95 96
96 95
188 97
97 188
102 98
98 102
49 99
99 49
193 100
100 193
50 101
101 50
195 102
102 195
97 103
103 97
52 104
104 52
54 105
105 54
209 106
106 209
110 107
107 110
214 108
108 214
55 109
109 55
216 110
110 216
106 111
111 106
57 112
112 57
58 113
113 58
61 114
114 61
60 115
115 60
232 116
116 232
221 117
117 221
63 118
118 63
241 119
119 241
246 120
120 246
65 121
121 65
66 122
122 66
124 123
123 124
68 124
124 68
260 125
125 260
70 126
126 70
129 127
127 129
72 128
128 72
73 129
129 73
74 130
130 74
76 131
131 76
78 132
132 78
287 133
133 287
79 134
134 79
289 135
135 289
291 136
136 291
136 137
137 136
128 138
138 128
293 139
139 293
301 140
140 301
303 141
141 303
303 142
142 303
304 143
143 304
304 144
144 304
305 145
145 305
156 146
146 156
82 147
147 82
83 148
148 83
306 148
148 306
306 149
149 306
307 150
150 307
84 150
150 84
307 151
151 307
308 152
152 308
308 153
153 308
309 154
154 309
309 155
155 309
310 156
156 310
145 157
157 145
311 158
158 311
85 158
158 85
311 159
159 311
86 160
160 86
312 160
160 312
312 161
161 312
88 162
162 88
89 163
163 89
313 163
163 313
313 164
164 313
314 165
165 314
90 165
165 90
314 166
166 314
315 167
167 315
315 168
168 315
316 169
169 316
92 170
170 92
318 171
171 318
318 172
172 318
93 173
173 93
319 173
173 319
319 174
174 319
320 175
175 320
94 175
175 94
320 176
176 320
321 177
177 321
321 178
178 321
95 179
179 95
322 179
179 322
322 180
180 322
323 181
181 323
323 182
182 323
96 183
183 96
324 183
183 324
324 184
184 324
325 185
185 325
325 186
186 325
326 187
187 326
98 188
188 98
328 189
189 328
99 189
189 99
328 190
190 328
329 191
191 329
329 192
192 329
330 193
193 330
101 194
194 101
103 195
195 103
331 196
196 331
331 197
197 331
104 198
198 104
332 198
198 332
332 199
199 332
333 200
200 333
105 200
200 105
333 201
201 333
334 202
202 334
334 203
203 334
335 204
204 335
335 205
205 335
336 206
206 336
336 207
207 336
230 208
208 230
107 209
209 107
338 210
210 338
338 211
211 338
339 212
212 339
339 213
213 339
340 214
214 340
109 215
215 109
111 216
216 111
341 217
217 341
112 217
217 112
341 218
218 341
342 219
219 342
113 219
219 113
342 220
220 342
114 221
221 114
343 222
222 343
343 223
223 343
115 224
224 115
344 224
224 344
344 225
225 344
345 226
226 345
345 227
227 345
346 228
228 346
346 229
229 346
347 230
230 347
316 231
231 316
117 232
232 117
348 233
233 348
118 233
233 118
348 234
234 348
349 235
235 349
349 236
236 349
350 237
237 350
350 238
238 350
351 239
239 351
351 240
240 351
248 241
241 248
352 242
242 352
352 243
243 352
353 244
244 353
353 245
245 353
354 246
246 354
121 247
247 121
122 248
248 122
123 249
249 123
355 249
249 355
355 250
250 355
124 251
251 124
356 251
251 356
356 252
252 356
357 253
253 357
138 253
253 138
357 254
254 357
358 255
255 358
359 256
256 359
359 257
257 359
360 258
258 360
360 259
259 360
126 260
260 126
127 261
261 127
361 261
261 361
361 262
262 361
362 263
263 362
128 263
263 128
129 264
264 129
362 264
264 362
363 265
265 363
363 266
266 363
364 267
267 364
364 268
268 364
365 269
269 365
130 269
269 130
365 270
270 365
131 271
271 131
366 271
271 366
366 272
272 366
367 273
273 367
367 274
274 367
368 275
275 368
368 276
276 368
369 277
277 369
279 278
278 279
370 279
279 370
277 280
280 277
371 281
281 371
132 281
281 132
371 282
282 371
372 283
283 372
372 284
284 372
373 285
285 373
285 286
286 285
375 287
287 375
134 288
288 134
376 289
289 376
135 290
290 135
378 291
291 378
137 292
292 137
138 293
293 138
381 294
294 381
296 295
295 296
382 296
296 382
294 297
297 294
383 298
298 383
298 299
299 298
394 300
300 394
396 301
301 396
140 302
302 140
398 303
303 398
398 304
304 398
146 305
305 146
399 306
306 399
147 306
306 147
399 307
307 399
400 308
308 400
400 309
309 400
157 310
310 157
401 311
311 401
401 312
312 401
402 313
313 402
162 313
313 162
402 314
314 402
403 315
315 403
403 316
316 403
404 317
317 404
170 318
318 170
406 318
318 406
406 319
319 406
407 320
320 407
407 321
321 407
408 322
322 408
408 323
323 408
409 324
324 409
409 325
325 409
410 326
326 410
187 327
327 187
412 328
328 412
188 328
328 188
412 329
329 412
194 330
330 194
195 331
331 195
413 331
331 413
413 332
332 413
414 333
333 414
414 334
334 414
415 335
335 415
415 336
336 415
208 337
337 208
417 338
338 417
209 338
338 209
417 339
339 417
215 340
340 215
418 341
341 418
216 341
341 216
418 342
342 418
419 343
343 419
221 343
343 221
419 344
344 419
420 345
345 420
420 346
346 420
421 347
347 421
231 347
347 231
422 348
348 422
232 348
348 232
422 349
349 422
423 350
350 423
423 351
351 423
241 352
352 241
424 352
352 424
424 353
353 424
247 354
354 247
425 355
355 425
248 355
355 248
425 356
356 425
426 357
357 426
426 358
358 426
427 359
359 427
427 360
360 427
428 361
361 428
260 361
361 260
428 362
362 428
429 363
363 429
429 364
364 429
430 365
365 430
430 366
366 430
431 367
367 431
431 368
368 431
278 369
369 278
280 370
370 280
442 371
371 442
442 372
372 442
443 373
373 443
286 374
374 286
288 375
375 288
455 376
376 455
290 377
377 290
379 378
378 379
292 379
379 292
460 380
380 460
358 380
380 358
293 380
380 293
295 381
381 295
297 382
382 297
474 383
383 474
299 384
384 299
495 385
385 495
497 386
386 497
386 387
387 386
389 388
388 389
500 389
389 500
507 390
390 507
507 391
391 507
508 392
392 508
508 393
393 508
509 394
394 509
300 395
395 300
511 396
396 511
302 397
397 302
512 398
398 512
305 398
398 305
512 399
399 512
310 400
400 310
513 400
400 513
513 401
401 513
514 402
402 514
514 403
403 514
515 404
404 515
317 405
405 317
517 406
406 517
517 407
407 517
518 408
408 518
518 409
409 518
519 410
410 519
327 411
411 327
330 412
412 330
520 412
412 520
520 413
413 520
521 414
414 521
521 415
415 521
337 416
416 337
522 417
417 522
340 417
417 340
522 418
418 522
523 419
419 523
523 420
420 523
416 421
421 416
524 422
422 524
524 423
423 524
525 424
424 525
354 424
424 354
525 425
425 525
526 426
426 526
526 427
427 526
527 428
428 527
527 429
429 527
528 430
430 528
528 431
431 528
369 432
432 369
529 432
432 529
529 433
433 529
370 434
434 370
530 434
434 530
530 435
435 530
531 436
436 531
531 437
437 531
532 438
438 532
532 439
439 532
535 440
440 535
535 441
441 535
536 442
442 536
450 443
443 450
537 444
444 537
537 445
445 537
538 446
446 538
538 447
447 538
539 448
448 539
460 449
449 460
374 450
450 374
540 451
451 540
540 452
452 540
375 453
453 375
541 453
453 541
541 454
454 541
377 455
455 377
542 456
456 542
378 456
456 378
542 457
457 542
379 458
458 379
543 458
458 543
543 459
459 543
544 460
460 544
448 461
461 448
545 462
462 545
545 463
463 545
546 464
464 546
546 465
465 546
549 466
466 549
381 466
466 381
549 467
467 549
550 468
468 550
382 468
468 382
550 469
469 550
551 470
470 551
551 471
471 551
552 472
472 552
552 473
473 552
481 474
474 481
553 475
475 553
553 476
476 553
554 477
477 554
554 478
478 554
555 479
479 555
490 480
480 490
384 481
481 384
556 482
482 556
556 483
483 556
557 484
484 557
557 485
485 557
558 486
486 558
558 487
487 558
559 488
488 559
559 489
489 559
560 490
490 560
479 491
491 479
561 492
492 561
561 493
493 561
562 494
494 562
563 495
495 563
385 496
496 385
565 497
497 565
387 498
498 387
388 499
499 388
568 500
500 568
504 501
501 504
577 502
502 577
578 503
503 578
580 504
504 580
506 505
505 506
599 506
506 599
600 507
507 600
600 508
508 600
601 509
509 601
395 510
510 395
397 511
511 397
604 512
512 604
604 513
513 604
605 514
514 605
606 515
515 606
405 516
516 405
607 517
517 607
509 517
517 509
607 518
518 607
411 519
519 411
608 520
520 608
609 521
521 609
416 521
521 416
609 522
522 609
610 523
523 610
421 523
523 421
610 524
524 610
611 525
525 611
611 526
526 611
612 527
527 612
612 528
528 612
613 529
529 613
613 530
530 613
614 531
531 614
614 532
532 614
615 533
533 615
547 534
534 547
616 535
535 616
605 536
536 605
443 537
537 443
619 537
537 619
619 538
538 619
449 539
539 449
620 540
540 620
450 540
540 450
620 541
541 620
621 542
542 621
455 542
542 455
621 543
543 621
461 544
544 461
622 545
545 622
622 546
546 622
623 547
547 623
533 548
548 533
624 549
549 624
624 550
550 624
625 551
551 625
625 552
552 625
474 553
553 474
626 553
553 626
626 554
554 626
480 555
555 480
481 556
556 481
627 556
556 627
627 557
557 627
628 558
558 628
628 559
559 628
491 560
560 491
629 561
561 629
629 562
562 629
630 563
563 630
496 564
564 496
566 565
565 566
498 566
566 498
499 567
567 499
567 568
568 567
502 569
569 502
501 570
570 501
659 571
571 659
661 572
572 661
575 573
573 575
654 574
574 654
668 575
575 668
572 576
576 572
648 577
577 648
673 578
578 673
503 579
579 503
675 580
580 675
570 581
581 570
676 582
582 676
676 583
583 676
677 584
584 677
677 585
585 677
678 586
586 678
678 587
587 678
679 588
588 679
679 589
589 679
680 590
590 680
683 591
591 683
595 592
592 595
684 593
593 684
682 594
594 682
688 595
595 688
562 596
596 562
591 597
597 591
505 598
598 505
690 599
599 690
691 600
600 691
510 601
601 510
511 602
602 511
692 602
602 692
692 603
603 692
693 604
604 693
693 605
605 693
516 606
606 516
694 607
607 694
519 607
607 519
694 608
608 694
695 609
609 695
695 610
610 695
696 611
611 696
696 612
612 696
697 613
613 697
697 614
614 697
534 615
615 534
536 616
616 536
698 617
617 698
698 618
618 698
699 619
619 699
539 619
619 539
699 620
620 699
700 621
621 700
544 621
621 544
700 622
622 700
548 623
623 548
701 624
624 701
701 625
625 701
555 626
626 555
702 626
626 702
702 627
627 702
560 628
628 560
703 628
628 703
703 629
629 703
564 630
630 564
705 631
631 705
565 631
631 565
705 632
632 705
706 633
633 706
566 633
633 566
706 634
634 706
707 635
635 707
707 636
636 707
708 637
637 708
708 638
638 708
567 639
639 567
709 639
639 709
709 640
640 709
710 641
641 710
710 642
642 710
568 643
643 568
711 643
643 711
711 644
644 711
712 645
645 712
712 646
646 712
569 647
647 569
713 648
648 713
715 649
649 715
716 650
650 716
716 651
651 716
717 652
652 717
717 653
653 717
718 654
654 718
570 655
655 570
719 655
655 719
719 656
656 719
720 657
657 720
720 658
658 720
721 659
659 721
571 660
660 571
573 661
661 573
723 662
662 723
723 663
663 723
724 664
664 724
724 665
665 724
725 666
666 725
574 667
667 574
576 668
668 576
726 669
669 726
647 669
669 647
726 670
670 726
577 671
671 577
727 671
671 727
727 672
672 727
728 673
673 728
579 674
674 579
581 675
675 581
733 676
676 733
733 677
677 733
734 678
678 734
734 679
679 734
736 680
680 736
590 681
681 590
738 682
682 738
592 683
683 592
743 684
684 743
593 685
685 593
745 686
686 745
594 687
687 594
597 688
688 597
596 688
688 596
598 689
689 598
689 690
690 689
601 691
691 601
608 691
691 608
758 692
692 758
761 693
693 761
606 693
693 606
761 694
694 761
762 695
695 762
762 696
696 762
615 697
697 615
763 697
697 763
616 698
698 616
763 698
698 763
763 699
699 763
764 700
700 764
623 700
700 623
764 701
701 764
765 702
702 765
765 703
703 765
767 704
704 767
768 705
705 768
630 705
705 630
768 706
706 768
769 707
707 769
769 708
708 769
770 709
709 770
770 710
710 770
771 711
711 771
771 712
712 771
647 713
713 647
649 714
714 649
773 715
715 773
774 716
716 774
774 717
717 774
666 718
718 666
775 719
719 775
775 720
720 775
776 721
721 776
660 722
722 660
661 723
723 661
777 723
723 777
777 724
724 777
667 725
725 667
668 726
726 668
778 726
726 778
778 727
727 778
674 728
728 674
675 729
729 675
779 729
729 779
779 730
730 779
780 731
731 780
780 732
732 780
781 733
733 781
781 734
734 781
782 735
735 782
784 736
736 784
681 737
737 681
686 738
738 686
785 739
739 785
785 740
740 785
786 741
741 786
683 741
741 683
786 742
742 786
787 743
743 787
685 744
744 685
687 745
745 687
788 746
746 788
788 747
747 788
789 748
748 789
688 748
748 688
789 749
749 789
790 750
750 790
689 750
750 689
790 751
751 790
791 752
752 791
690 752
752 690
791 753
753 791
792 754
754 792
792 755
755 792
793 756
756 793
793 757
757 793
691 758
758 691
794 759
759 794
794 760
760 794
795 761
761 795
795 762
762 795
796 763
763 796
796 764
764 796
797 765
765 797
704 766
766 704
799 767
767 799
800 768
768 800
800 769
769 800
801 770
770 801
801 771
771 801
713 772
772 713
714 772
772 714
802 773
773 802
803 774
774 803
718 774
774 718
803 775
775 803
722 776
776 722
804 777
777 804
725 777
777 725
804 778
778 804
807 779
779 807
728 779
779 728
807 780
780 807
808 781
781 808
809 782
782 809
735 783
783 735
737 784
784 737
738 785
785 738
819 785
785 819
819 786
786 819
744 787
787 744
820 788
788 820
745 788
788 745
820 789
789 820
821 790
790 821
821 791
791 821
822 792
792 822
822 793
793 822
758 794
794 758
823 795
795 823
824 796
796 824
824 797
797 824
766 798
798 766
825 799
799 825
826 800
800 826
826 801
801 826
772 802
802 772
827 803
803 827
776 803
803 776
827 804
804 827
828 805
805 828
828 806
806 828
829 807
807 829
797 808
808 797
830 809
809 830
783 810
810 783
784 811
811 784
831 811
811 831
831 812
812 831
832 813
813 832
832 814
814 832
833 815
815 833
833 816
816 833
834 817
817 834
834 818
818 834
835 819
819 835
787 819
819 787
835 820
820 835
836 821
821 836
836 822
822 836
798 823
823 798
794 823
823 794
837 824
824 837
798 825
825 798
838 826
826 838
802 826
826 802
838 827
827 838
839 828
828 839
808 829
829 808
810 830
830 810
844 831
831 844
844 832
832 844
845 833
833 845
845 834
834 845
846 835
835 846
846 836
836 846
825 837
837 825
823 837
837 823
847 838
838 847
829 839
839 829
848 840
840 848
848 841
841 848
830 842
842 830
849 842
842 849
849 843
843 849
850 844
844 850
850 845
845 850
851 846
846 851
837 847
847 837
852 848
848 852
839 848
848 839
857 849
849 857
858 850
850 858
847 851
851 847
859 852
852 859
859 853
853 859
861 854
854 861
862 855
855 862
862 856
856 862
863 857
857 863
851 858
858 851
857 859
859 857
864 859
859 864
854 860
860 854
865 861
861 865
866 862
862 866
858 863
863 858
860 864
864 860
867 865
865 867
863 866
866 863
864 867
867 864
869 868
868 869
866 869
869 866
867 869
869 867
869 870
870 869